7.116537e-01 -1.901701e-01
6.878357e-02 -2.400251e-02
-4.900031e-01 -2.029197e-03
-1.109234e+00 -6.331834e-05
-1.821668e+00 -4.540104e-07
-1.888082e+00 -2.720772e-07
-1.332700e+00 -1.500854e-05
-1.679106e+00 -1.322718e-06
-1.800128e+00 -5.350144e-07
-2.216108e+00 -1.906201e-08
-2.269670e+00 -1.209972e-08
-2.088139e+00 -5.516807e-08
-1.293259e+00 -1.949100e-05
-7.095987e-01 -6.478023e-04
-2.854078e-01 -5.390652e-03
-1.031956e+00 -1.017738e-04
-1.921212e+00 -2.100536e-07
-2.082306e+00 -5.786117e-08
-1.871555e+00 -3.093043e-07
-2.707724e+00 -2.370704e-10
-2.499997e+00 -1.605270e-09
-1.873907e+00 -3.037214e-07
-1.276751e+00 -2.172391e-05
-1.038837e+00 -9.760977e-05
-1.335239e+00 -1.475661e-05
-1.519356e+00 -4.177226e-06
-1.657476e+00 -1.550195e-06
-2.402647e+00 -3.818922e-09
-2.579937e+00 -7.768115e-10
-1.961299e+00 -1.531440e-07
-2.693230e+00 -2.716774e-10
-2.882493e+00 -4.435768e-11
-1.971504e+00 -1.412350e-07
-2.544078e+00 -1.077476e-09
-2.979421e+00 -1.705408e-11
-3.963783e+00 -3.577459e-16
-3.262703e+00 -9.370446e-13
-2.914459e+00 -3.243083e-11
-3.183933e+00 -2.133699e-12
-3.350008e+00 -3.709965e-13
-3.725081e+00 -5.825375e-15
-3.961454e+00 -3.678234e-16
-4.292699e+00 -6.350090e-18
-4.969245e+00 -8.056672e-22
-5.065905e+00 -2.074794e-22
-5.075836e+00 -1.802931e-22
-4.582746e+00 -1.516749e-19
-4.294312e+00 -6.222494e-18
-3.313940e+00 -5.450166e-13
-4.219286e+00 -1.591106e-17
-5.110658e+00 -1.100112e-22
-5.101126e+00 -1.259712e-22
-4.852874e+00 -4.024522e-21
-5.674938e+00 -2.618351e-26
-6.218498e+00 -4.635966e-30
-5.352418e+00 -3.333379e-24
-4.676500e+00 -4.375648e-20
-3.976637e+00 -3.068440e-16
-4.060983e+00 -1.111652e-16
-4.431059e+00 -1.092006e-18
-4.337364e+00 -3.612298e-18
-3.372315e+00 -2.920730e-13
-3.878470e+00 -9.825189e-16
-4.720405e+00 -2.429934e-20
-5.507007e+00 -3.351719e-25
-4.865394e+00 -3.389396e-21
-4.594514e+00 -1.298878e-19
-5.394160e+00 -1.801169e-24
-6.380475e+00 -3.151181e-31
-5.392526e+00 -1.845232e-24
-6.172805e+00 -9.804174e-30
-6.454164e+00 -9.114204e-32
-7.298227e+00 -2.832617e-38
-7.976818e+00 -5.911239e-44
-8.975240e+00 -4.860413e-53
-9.245068e+00 -1.210009e-55
-9.310594e+00 -2.760008e-56
-1.014425e+01 -8.891736e-65
-1.019413e+01 -2.641174e-65
-1.088361e+01 -8.177699e-73
-1.179833e+01 -2.055739e-83
-1.146711e+01 -1.718138e-79
-1.152419e+01 -3.680615e-80
-1.234068e+01 -4.842642e-90
-1.234521e+01 -4.252767e-90
-1.146168e+01 -1.988305e-79
-1.145642e+01 -2.290794e-79
-1.093971e+01 -1.920767e-73
-9.962641e+00 -7.085654e-63
-1.034554e+01 -6.429512e-67
-9.637624e+00 -1.519267e-59
-1.020479e+01 -2.036291e-65
-1.006445e+01 -6.137377e-64
-1.095443e+01 -1.312021e-73
-1.185503e+01 -4.285894e-84
-1.179317e+01 -2.370101e-83
-1.252570e+01 -2.320675e-92
-1.333079e+01 -8.440618e-103
-1.366652e+01 -2.551980e-107
-1.303154e+01 -7.453833e-99
-1.382456e+01 -1.759740e-109
-1.364596e+01 -4.857842e-107
-1.346885e+01 -1.201585e-104
-1.367979e+01 -1.683105e-107
-1.292865e+01 -1.625932e-97
-1.234460e+01 -4.327438e-90
-1.333738e+01 -6.896546e-103
-1.398369e+01 -1.114538e-111
-1.394035e+01 -4.447480e-111
-1.439609e+01 -1.769407e-117
-1.512300e+01 -4.635667e-128
-1.472661e+01 -3.113697e-122
-1.439680e+01 -1.728532e-117
-1.340033e+01 -9.962203e-104
-1.332036e+01 -1.161965e-102
-1.411717e+01 -1.535518e-113
-1.491313e+01 -5.865983e-125
-1.457816e+01 -4.370636e-120
-1.473474e+01 -2.372168e-122
-1.386640e+01 -4.672990e-110
-1.470127e+01 -7.263270e-122
-1.468503e+01 -1.249392e-121
-1.537832e+01 -6.925267e-132
-1.513269e+01 -3.326463e-128
-1.451722e+01 -3.283577e-119
-1.517870e+01 -6.860875e-129
-1.512461e+01 -4.386930e-128
-1.533830e+01 -2.779133e-131
-1.538693e+01 -5.134701e-132
-1.561685e+01 -1.641392e-135
-1.587145e+01 -1.955631e-139
-1.548969e+01 -1.425720e-133
-1.515599e+01 -1.496200e-128
-1.540767e+01 -2.495151e-132
-1.551016e+01 -6.963254e-134
-1.629124e+01 -4.992680e-146
-1.595039e+01 -1.156402e-140
-1.650912e+01 -1.645050e-149
-1.566266e+01 -3.260456e-136
-1.506531e+01 -3.331644e-127
-1.454129e+01 -1.482164e-119
-1.539606e+01 -3.736860e-132
-1.445583e+01 -2.486159e-118
-1.378697e+01 -5.774315e-109
-1.384659e+01 -8.757354e-110
-1.424552e+01 -2.411923e-115
-1.385534e+01 -6.637112e-110
-1.462348e+01 -9.706963e-121
-1.519954e+01 -3.351472e-129
-1.606895e+01 -1.616300e-142
-1.681474e+01 -1.828837e-154
-1.774483e+01 -4.860527e-170
-1.719215e+01 -1.077923e-160
-1.627753e+01 -8.244054e-146
-1.671091e+01 -9.000913e-153
-1.640240e+01 -8.450988e-148
-1.572298e+01 -3.857928e-137
-1.540868e+01 -2.408929e-132
-1.467950e+01 -1.502586e-121
-1.383248e+01 -1.369387e-109
-1.406709e+01 -7.695412e-113
-1.486944e+01 -2.566380e-124
-1.585430e+01 -3.609145e-139
-1.622897e+01 -4.851758e-145
-1.581222e+01 -1.618642e-138
-1.618061e+01 -2.822608e-144
-1.712313e+01 -1.517151e-159
-1.745067e+01 -4.943825e-165
-1.699832e+01 -1.768007e-157
-1.730225e+01 -1.555912e-162
-1.815794e+01 -3.370006e-177
-1.744851e+01 -5.376570e-165
-1.787065e+01 -3.326034e-172
-1.709803e+01 -3.960656e-159
-1.807077e+01 -1.123762e-175
-1.829697e+01 -1.216011e-179
-1.806577e+01 -1.373570e-175
-1.717814e+01 -1.845468e-160
-1.797178e+01 -5.917980e-174
-1.812566e+01 -1.237318e-176
-1.902801e+01 -9.223390e-193
-1.990494e+01 -4.112080e-209
-1.967221e+01 -1.043797e-204
-1.916340e+01 -3.048191e-195
-1.991236e+01 -2.970374e-209
-2.074031e+01 -2.611039e-225
-2.154417e+01 -1.813429e-241
-2.114269e+01 -2.504330e-233
-2.098871e+01 -3.045267e-230
-2.160722e+01 -9.275008e-243
-2.082632e+01 -5.184751e-227
-1.990543e+01 -4.023933e-209
-2.077340e+01 -5.791070e-226
-2.127165e+01 -6.299939e-236
-2.174045e+01 -1.689689e-245
-2.161877e+01 -5.376303e-243
-2.148980e+01 -2.338680e-240
-2.164891e+01 -1.293571e-243
-2.242807e+01 -6.970549e-260
-2.296726e+01 -1.889975e-271
-2.374801e+01 -1.202852e-288
-2.455645e+01 -5.200723e-307
-2.507831e+01 -3.631333e-319
-2.464398e+01 -4.939328e-309
-2.411896e+01 -5.299627e-297
-2.349657e+01 -4.741584e-283
-2.284861e+01 -6.973965e-269
-2.268767e+01 -2.021813e-265
-2.169264e+01 -1.631507e-244
-2.253505e+01 -3.700649e-262
-2.247886e+01 -5.813130e-261
-2.193781e+01 -1.383867e-249
-2.212953e+01 -1.376828e-253
-2.132919e+01 -4.312477e-237
-2.059967e+01 -1.535509e-222
-2.033027e+01 -2.772830e-217
-2.047935e+01 -3.482439e-220
-1.957190e+01 -7.987585e-203
-1.944188e+01 -2.144693e-200
-1.848646e+01 -5.355009e-183
-1.831164e+01 -6.704595e-180
-1.824464e+01 -1.014723e-178
-1.896671e+01 -1.210124e-191
-1.872862e+01 -2.478565e-187
-1.779160e+01 -7.648779e-171
-1.807827e+01 -8.314024e-176
-1.819530e+01 -7.463717e-178
-1.737964e+01 -7.795921e-164
-1.823127e+01 -1.743285e-178
-1.896608e+01 -1.242865e-191
-1.928265e+01 -1.930996e-197
-1.961412e+01 -1.289866e-203
-1.865456e+01 -5.312470e-186
-1.819916e+01 -6.385645e-178
-1.866177e+01 -3.943022e-186
-1.815929e+01 -3.191425e-177
-1.783311e+01 -1.476960e-171
-1.851819e+01 -1.457541e-183
-1.899366e+01 -3.906233e-192
-1.864689e+01 -7.291438e-186
-1.874400e+01 -1.309627e-187
-1.917014e+01 -2.291845e-195
-1.817876e+01 -1.455099e-177
-1.813554e+01 -8.309858e-177
-1.751020e+01 -4.860713e-166
-1.702482e+01 -6.453314e-158
-1.707832e+01 -8.403820e-159
-1.609758e+01 -5.738574e-143
-1.652185e+01 -1.026528e-149
-1.614923e+01 -8.827139e-144
-1.548255e+01 -1.829592e-133
-1.619829e+01 -1.483515e-144
-1.593374e+01 -2.101771e-140
-1.553850e+01 -2.578910e-134
-1.614322e+01 -1.097699e-143
-1.611164e+01 -3.449778e-143
-1.633422e+01 -1.034525e-146
-1.534336e+01 -2.331703e-131
-1.532434e+01 -4.507584e-131
-1.504901e+01 -5.809433e-127
-1.476189e+01 -9.554352e-123
-1.381282e+01 -2.551077e-109
-1.299359e+01 -2.329364e-98
-1.293531e+01 -1.332690e-97
-1.339953e+01 -1.020943e-103
-1.242119e+01 -4.780690e-91
-1.181822e+01 -1.187068e-83
-1.104853e+01 -1.135657e-74
-1.113936e+01 -1.052355e-75
-1.191075e+01 -9.122392e-85
-1.265633e+01 -5.129309e-94
-1.341104e+01 -7.161040e-104
-1.252387e+01 -2.447617e-92
-1.196463e+01 -2.031506e-85
-1.234151e+01 -4.729119e-90
-1.283667e+01 -2.512451e-96
-1.382188e+01 -1.915522e-109
-1.471550e+01 -4.515493e-122
-1.378608e+01 -5.937921e-109
-1.469972e+01 -7.650747e-122
-1.479448e+01 -3.200698e-123
-1.454680e+01 -1.235033e-119
-1.450660e+01 -4.663552e-119
-1.526195e+01 -3.900096e-130
-1.474254e+01 -1.826879e-122
-1.483424e+01 -8.404467e-124
-1.412161e+01 -1.331030e-113
-1.343062e+01 -3.914538e-104
-1.256375e+01 -7.672567e-93
-1.263048e+01 -1.093501e-93
-1.275063e+01 -3.204056e-95
-1.316983e+01 -1.144194e-100
-1.287389e+01 -8.316887e-97
-1.306029e+01 -3.137885e-99
-1.236156e+01 -2.659937e-90
-1.166696e+01 -7.584320e-82
-1.170674e+01 -2.552926e-82
-1.199065e+01 -9.815507e-86
-1.278068e+01 -1.319143e-95
-1.348993e+01 -6.256385e-105
-1.442669e+01 -6.480522e-118
-1.456584e+01 -6.574767e-120
-1.447234e+01 -1.443713e-118
-1.490936e+01 -6.662690e-125
-1.528134e+01 -1.996384e-130
-1.492017e+01 -4.623374e-125
-1.571437e+01 -5.234262e-137
-1.630163e+01 -3.413176e-146
-1.613555e+01 -1.450056e-143
-1.633334e+01 -1.068284e-146
-1.684384e+01 -6.113727e-155
-1.711268e+01 -2.262578e-159
-1.721379e+01 -4.695164e-161
-1.622222e+01 -6.206645e-145
-1.701684e+01 -8.744403e-158
-1.614320e+01 -1.098698e-143
-1.606014e+01 -2.222100e-142
-1.641851e+01 -4.670048e-148
-1.656293e+01 -2.237840e-150
-1.603578e+01 -5.353882e-142
-1.511272e+01 -6.589962e-128
-1.494038e+01 -2.331857e-125
-1.563682e+01 -8.119849e-136
-1.507099e+01 -2.744818e-127
-1.462502e+01 -9.222422e-121
-1.534863e+01 -1.941661e-131
-1.483867e+01 -7.241512e-124
-1.459296e+01 -2.675256e-120
-1.508773e+01 -1.549510e-127
-1.463528e+01 -6.554480e-121
-1.466977e+01 -2.078284e-121
-1.413074e+01 -9.914211e-114
-1.381797e+01 -2.167805e-109
-1.420602e+01 -8.691095e-115
-1.480171e+01 -2.510413e-123
-1.393730e+01 -4.901359e-111
-1.392231e+01 -7.900615e-111
-1.442819e+01 -6.169177e-118
-1.358982e+01 -2.805736e-106
-1.449323e+01 -7.249784e-119
-1.453437e+01 -1.863062e-119
-1.426940e+01 -1.109423e-115
-1.469157e+01 -1.004408e-121
-1.510733e+01 -7.927350e-128
-1.446121e+01 -2.082499e-118
-1.364875e+01 -4.451251e-107
-1.385990e+01 -5.743135e-110
-1.335309e+01 -4.257910e-103
-1.289157e+01 -4.913476e-97
-1.233602e+01 -5.536330e-90
-1.136503e+01 -2.658193e-78
-1.093972e+01 -1.919864e-73
-1.070713e+01 -7.481919e-71
-1.096278e+01 -1.056529e-73
-1.065645e+01 -2.705678e-70
-1.126452e+01 -3.862997e-77
-1.177478e+01 -3.935522e-83
-1.135644e+01 -3.343578e-78
-1.063339e+01 -4.846879e-70
-1.139150e+01 -1.309233e-78
-1.083283e+01 -3.017850e-72
-1.017926e+01 -3.794834e-65
-9.842563e+00 -1.235399e-61
-1.004025e+01 -1.099971e-63
-9.976114e+00 -5.132334e-63
-9.891886e+00 -3.831797e-62
-1.073352e+01 -3.822998e-71
-9.922709e+00 -1.839124e-62
-1.070996e+01 -6.961479e-71
-1.035751e+01 -4.783735e-67
-1.110402e+01 -2.660917e-75
-1.129165e+01 -1.879449e-77
-1.169761e+01 -3.278505e-82
-1.162956e+01 -2.105455e-81
-1.120729e+01 -1.757727e-76
-1.156172e+01 -1.331751e-80
-1.157803e+01 -8.554919e-81
-1.252842e+01 -2.144511e-92
-1.193976e+01 -4.066371e-85
-1.266993e+01 -3.441860e-94
-1.348623e+01 -7.016361e-105
-1.254760e+01 -1.227664e-92
-1.321493e+01 -2.906693e-101
-1.264154e+01 -7.911719e-94
-1.340878e+01 -7.677997e-104
-1.261708e+01 -1.618401e-93
-1.206438e+01 -1.240605e-86
-1.250900e+01 -3.768346e-92
-1.288707e+01 -5.618084e-97
-1.253092e+01 -1.994345e-92
-1.301318e+01 -1.293854e-98
-1.201619e+01 -4.800797e-86
-1.291479e+01 -2.458774e-97
-1.372283e+01 -4.356796e-108
-1.369519e+01 -1.038338e-107
-1.279943e+01 -7.576998e-96
-1.257052e+01 -6.298841e-93
-1.158885e+01 -6.375483e-81
-1.191914e+01 -7.223642e-85
-1.227493e+01 -3.178690e-89
-1.244251e+01 -2.583684e-91
-1.152826e+01 -3.296627e-80
-1.104370e+01 -1.288060e-74
-1.192332e+01 -6.429433e-85
-1.278617e+01 -1.121629e-95
-1.191123e+01 -9.002852e-85
-1.286406e+01 -1.113768e-96
-1.325214e+01 -9.356207e-102
-1.316584e+01 -1.291674e-100
-1.285309e+01 -1.543446e-96
-1.304024e+01 -5.737830e-99
-1.215693e+01 -9.103990e-88
-1.140583e+01 -8.917144e-79
-1.042302e+01 -9.434672e-68
-9.934062e+00 -1.402748e-62
-1.090862e+01 -4.289585e-73
-1.140440e+01 -9.265269e-79
-1.114719e+01 -8.565753e-76
-1.079701e+01 -7.557655e-72
-1.004895e+01 -8.920543e-64
-9.115373e+00 -2.199174e-54
-8.959748e+00 -6.827337e-53
-9.109399e+00 -2.511419e-54
-9.679835e+00 -5.677825e-60
-1.057263e+01 -2.241768e-69
-1.038168e+01 -2.630500e-67
-1.001174e+01 -2.183794e-63
-1.097979e+01 -6.795967e-74
-1.126653e+01 -3.662887e-77
-1.068397e+01 -1.346996e-70
-1.004673e+01 -9.408993e-64
-1.061486e+01 -7.739395e-70
-1.032150e+01 -1.163280e-66
-1.037190e+01 -3.351089e-67
-1.108354e+01 -4.548320e-75
-1.026419e+01 -4.760633e-66
-1.093963e+01 -1.924487e-73
-1.078789e+01 -9.545998e-72
-1.074460e+01 -2.882720e-71
-1.062945e+01 -5.355180e-70
-1.038213e+01 -2.601623e-67
-9.849545e+00 -1.047054e-61
-1.062286e+01 -6.324246e-70
-1.016908e+01 -4.861914e-65
-1.062061e+01 -6.694109e-70
-1.015840e+01 -6.304718e-65
-1.001234e+01 -2.152451e-63
-1.070158e+01 -8.613145e-71
-1.149863e+01 -7.343521e-80
-1.109195e+01 -3.650453e-75
-1.120744e+01 -1.750857e-76
-1.101769e+01 -2.537027e-74
-1.139328e+01 -1.248281e-78
-1.183520e+01 -7.420957e-84
-1.186924e+01 -2.890285e-84
-1.176125e+01 -5.712704e-83
-1.259985e+01 -2.676998e-93
-1.278567e+01 -1.138213e-95
-1.377790e+01 -7.688073e-109
-1.376837e+01 -1.038488e-108
-1.304221e+01 -5.408209e-99
-1.233772e+01 -5.271698e-90
-1.287200e+01 -8.796673e-97
-1.193630e+01 -4.478134e-85
-1.219234e+01 -3.336852e-88
-1.181215e+01 -1.403515e-83
-1.173744e+01 -1.099357e-82
-1.203924e+01 -2.514152e-86
-1.173168e+01 -1.287818e-82
-1.171750e+01 -1.900723e-82
-1.095482e+01 -1.298703e-73
-1.002688e+01 -1.517420e-63
-1.073111e+01 -4.065337e-71
-1.091668e+01 -3.484043e-73
-1.083882e+01 -2.587589e-72
-1.119316e+01 -2.552238e-76
-1.104426e+01 -1.269358e-74
-1.036012e+01 -4.484811e-67
-1.057391e+01 -2.170946e-69
-1.091135e+01 -3.997916e-73
-1.096531e+01 -9.896240e-74
-1.139479e+01 -1.198801e-78
-1.125361e+01 -5.159880e-77
-1.112646e+01 -1.476939e-75
-1.059383e+01 -1.314968e-69
-1.096488e+01 -1.000475e-73
-1.045487e+01 -4.271719e-68
-1.107795e+01 -5.265003e-75
-1.030616e+01 -1.697339e-66
-1.087466e+01 -1.029642e-72
-1.129869e+01 -1.558733e-77
-1.219531e+01 -3.067021e-88
-1.163058e+01 -2.047440e-81
-1.182864e+01 -8.898787e-84
-1.181644e+01 -1.246858e-83
-1.111050e+01 -2.245102e-75
-1.142874e+01 -4.821289e-79
-1.046360e+01 -3.436649e-68
-9.468438e+00 -7.575174e-58
-9.404722e+00 -3.253320e-57
-8.710351e+00 -1.518382e-50
-7.825481e+00 -1.183519e-42
-6.869828e+00 -6.797950e-35
-7.867952e+00 -5.127786e-43
-7.411511e+00 -3.401684e-39
-6.616034e+00 -5.750412e-33
-6.535126e+00 -2.303293e-32
-5.636441e+00 -4.720782e-26
-5.190659e+00 -3.503908e-23
-4.468776e+00 -6.713048e-19
-5.187430e+00 -3.670440e-23
-4.833963e+00 -5.213402e-21
-5.540849e+00 -2.014215e-25
-5.732210e+00 -1.083444e-26
-5.549115e+00 -1.778004e-25
-4.880129e+00 -2.767951e-21
-4.373787e+00 -2.273609e-18
-4.296490e+00 -6.054175e-18
-4.371248e+00 -2.348386e-18
-4.166492e+00 -3.059702e-17
-3.933059e+00 -5.156029e-16
-3.124655e+00 -3.931142e-12
-2.135532e+00 -3.736154e-08
-1.287073e+00 -2.030089e-05
-8.001940e-01 -3.932416e-04
-1.452090e+00 -6.676462e-06
-1.211056e+00 -3.326903e-05
-4.509951e-01 -2.460534e-03
-4.810992e-01 -2.121031e-03
-9.663164e-02 -1.232822e-02
-8.846742e-01 -2.432684e-04
9.082073e-02 -2.612231e-02
-8.921549e-01 -2.329795e-04
-1.525948e+00 -3.987644e-06
-1.801495e+00 -5.294852e-07
-8.241072e-01 -3.437549e-04
-1.598809e+00 -2.372830e-06
-1.070918e+00 -8.023588e-05
-3.477403e-01 -4.038490e-03
-1.072660e+00 -7.938199e-05
-1.761642e+00 -7.157409e-07
-1.196863e+00 -3.643676e-05
-5.523622e-01 -1.481718e-03
-3.542757e-01 -3.916275e-03
-5.553597e-01 -1.459205e-03
-1.401004e+00 -9.475266e-06
-1.163810e+00 -4.496184e-05
-1.732128e+00 -8.929125e-07
-2.066263e+00 -6.594157e-08
-1.265764e+00 -2.334291e-05
-1.792453e+00 -5.671159e-07
-2.576818e+00 -7.993158e-10
-1.739998e+00 -8.419144e-07
-2.542064e+00 -1.097378e-09
-1.798402e+00 -5.420766e-07
-2.676493e+00 -3.178024e-10
-1.858462e+00 -3.422492e-07
-2.709654e+00 -2.328006e-10
-2.561581e+00 -9.187374e-10
-1.854374e+00 -3.532127e-07
-9.146879e-01 -2.044054e-04
-1.691952e+00 -1.203216e-06
-1.193366e+00 -3.726005e-05
-1.049338e+00 -9.156512e-05
-7.967446e-01 -4.009072e-04
-1.080520e+00 -7.563430e-05
-1.791147e+00 -5.727604e-07
-1.321087e+00 -1.621429e-05
-1.444956e+00 -7.013183e-06
-2.394746e+00 -4.093797e-09
-2.382890e+00 -4.542777e-09
-1.432773e+00 -7.626121e-06
-2.359745e+00 -5.561623e-09
-3.323705e+00 -4.912428e-13
-2.446826e+00 -2.583125e-09
-2.084467e+00 -5.684896e-08
-1.750661e+00 -7.772836e-07
-2.169354e+00 -2.821209e-08
-2.017912e+00 -9.748015e-08
-2.024522e+00 -9.243328e-08
-1.424312e+00 -8.081656e-06
-1.011194e+00 -1.153791e-04
-1.143383e+00 -5.114446e-05
-1.209087e+00 -3.369236e-05
-1.232418e+00 -2.899100e-05
-9.062783e-01 -2.146603e-04
6.476944e-02 -2.363286e-02
-7.479502e-01 -5.254633e-04
-1.317356e+00 -1.662087e-05
-2.290620e+00 -1.011328e-08
-2.489657e+00 -1.761636e-09
-2.592050e+00 -6.951277e-10
-2.474418e+00 -2.019504e-09
-3.110243e+00 -4.555962e-12
-2.884096e+00 -4.366861e-11
-1.961310e+00 -1.531308e-07
-1.569546e+00 -2.926634e-06
-2.220266e+00 -1.840497e-08
-1.802788e+00 -5.243045e-07
-2.119180e+00 -4.276065e-08
-2.405468e+00 -3.725185e-09
-2.433507e+00 -2.907473e-09
-1.690101e+00 -1.219776e-06
-1.349026e+00 -1.345752e-05
-4.347809e-01 -2.663384e-03
-1.170671e+00 -4.304986e-05
-1.638177e+00 -1.784569e-06
-2.036942e+00 -8.362660e-08
-2.298482e+00 -9.452902e-09
-1.645895e+00 -1.687009e-06
-2.077219e+00 -6.031301e-08
-2.453719e+00 -2.429419e-09
-3.347527e+00 -3.809752e-13
-3.796994e+00 -2.543738e-15
-3.161857e+00 -2.681157e-12
-2.637782e+00 -4.557753e-10
-3.168437e+00 -2.504972e-12
-3.223927e+00 -1.407213e-12
-2.887787e+00 -4.212144e-11
-2.393670e+00 -4.132710e-09
-1.451386e+00 -6.708980e-06
-1.619474e+00 -2.044025e-06
-2.221787e+00 -1.817015e-08
-2.916998e+00 -3.163150e-11
-3.386830e+00 -2.498434e-13
-3.516771e+00 -6.058308e-14
-3.152058e+00 -2.966312e-12
-3.308655e+00 -5.764900e-13
-3.488863e+00 -8.236484e-14
-2.679234e+00 -3.097567e-10
-2.397505e+00 -3.995697e-09
-2.671663e+00 -3.324830e-10
-3.076499e+00 -6.424873e-12
-3.484508e+00 -8.639691e-14
-4.270079e+00 -8.437117e-18
-4.950420e+00 -1.047014e-21
-4.009661e+00 -2.065430e-16
-3.020538e+00 -1.130475e-11
-3.079765e+00 -6.215285e-12
-3.777009e+00 -3.205728e-15
-4.222055e+00 -1.537222e-17
-5.075930e+00 -1.800549e-22
-5.607936e+00 -7.290162e-26
-5.892443e+00 -8.861525e-28
-6.564079e+00 -1.403936e-32
-5.614037e+00 -6.643544e-26
-6.395289e+00 -2.457797e-31
-5.857783e+00 -1.529665e-27
-5.407568e+00 -1.476938e-24
-4.487628e+00 -5.258256e-19
-4.217724e+00 -1.622307e-17
-4.141331e+00 -4.170350e-17
-4.550619e+00 -2.312919e-19
-4.611926e+00 -1.032051e-19
-4.992699e+00 -5.806849e-22
-5.968201e+00 -2.664861e-28
-6.451628e+00 -9.513495e-32
-6.450359e+00 -9.719778e-32
-6.917024e+00 -2.936349e-35
-7.573895e+00 -1.558849e-40
-8.002933e+00 -3.508101e-44
-7.214037e+00 -1.346050e-37
-7.390494e+00 -5.050286e-39
-7.885484e+00 -3.626876e-43
-8.033825e+00 -1.889107e-44
-7.830637e+00 -1.069454e-42
-7.794532e+00 -2.172153e-42
-7.663869e+00 -2.761103e-41
-6.669709e+00 -2.273796e-33
-7.067379e+00 -1.965406e-36
-7.768209e+00 -3.635182e-42
-7.029892e+00 -3.873361e-36
-7.702494e+00 -1.306820e-41
-6.744050e+00 -6.230618e-34
-6.866821e+00 -7.170471e-35
-7.289820e+00 -3.311726e-38
-7.395683e+00 -4.581216e-39
-7.125634e+00 -6.810469e-37
-7.839851e+00 -8.921779e-43
-7.702154e+00 -1.315466e-41
-7.977511e+00 -5.830027e-44
-7.933751e+00 -1.393414e-43
-7.545835e+00 -2.665605e-40
-7.817227e+00 -1.391842e-42
-8.640457e+00 -6.752583e-50
-7.659648e+00 -2.995719e-41
-7.804818e+00 -1.775561e-42
-8.687103e+00 -2.496975e-50
-8.953282e+00 -7.866551e-53
-9.259033e+00 -8.837030e-56
-9.317858e+00 -2.341663e-56
-1.017736e+01 -3.974306e-65
-1.062912e+01 -5.398786e-70
-1.140419e+01 -9.316968e-79
-1.167253e+01 -6.513291e-82
-1.082332e+01 -3.851633e-72
-1.071209e+01 -6.594840e-71
-1.130290e+01 -1.393774e-77
-1.177444e+01 -3.972676e-83
-1.241114e+01 -6.387858e-91
-1.176572e+01 -5.049964e-83
-1.243313e+01 -3.387352e-91
-1.203549e+01 -2.793890e-86
-1.151019e+01 -5.373814e-80
-1.110368e+01 -2.684463e-75
-1.092067e+01 -3.142189e-73
-1.002111e+01 -1.743485e-63
-9.616494e+00 -2.483293e-59
-8.691908e+00 -2.253233e-50
-7.744284e+00 -5.797968e-42
-7.869275e+00 -4.995699e-43
-7.146594e+00 -4.643490e-37
-7.082131e+00 -1.503755e-36
-6.731674e+00 -7.735067e-34
-7.227289e+00 -1.054207e-37
-8.112396e+00 -3.879810e-45
-8.946814e+00 -9.063654e-53
-9.266907e+00 -7.400648e-56
-9.130780e+00 -1.561020e-54
-8.920139e+00 -1.624155e-52
-9.861015e+00 -7.977261e-62
-9.543748e+00 -1.338861e-58
-1.036665e+01 -3.815847e-67
-9.474937e+00 -6.525795e-58
-9.880599e+00 -5.011031e-62
-9.401805e+00 -3.477084e-57
-9.308623e+00 -2.885819e-56
-8.705056e+00 -1.700698e-50
-8.803296e+00 -2.055728e-51
-8.144599e+00 -2.020677e-45
-8.960102e+00 -6.774494e-53
-8.197529e+00 -6.884837e-46
-9.064084e+00 -6.859590e-54
-9.325813e+00 -1.955648e-56
-9.189360e+00 -4.222396e-55
-9.328340e+00 -1.846833e-56
-9.864398e+00 -7.362096e-62
-1.055148e+01 -3.814142e-69
-1.080922e+01 -5.529175e-72
-1.097213e+01 -8.290175e-74
-1.003503e+01 -1.247072e-63
-1.071169e+01 -6.661793e-71
-1.057202e+01 -2.276511e-69
-1.119707e+01 -2.301955e-76
-1.069129e+01 -1.118778e-70
-1.099159e+01 -5.002838e-74
-1.150563e+01 -6.078437e-80
-1.107074e+01 -6.357731e-75
-1.206099e+01 -1.364763e-86
-1.116487e+01 -5.379424e-76
-1.102045e+01 -2.361200e-74
-1.084179e+01 -2.397852e-72
-1.018021e+01 -3.708040e-65
-1.077178e+01 -1.440842e-71
-1.112585e+01 -1.500895e-75
-1.103869e+01 -1.468117e-74
-1.130753e+01 -1.232107e-77
-1.054957e+01 -4.001692e-69
-1.027602e+01 -3.560858e-66
-1.119310e+01 -2.556560e-76
-1.032468e+01 -1.075526e-66
-1.026174e+01 -5.054749e-66
-1.048071e+01 -2.242853e-68
-1.108051e+01 -4.924451e-75
-1.157262e+01 -9.908332e-81
-1.223981e+01 -8.653560e-89
-1.182976e+01 -8.626282e-84
-1.263497e+01 -9.589854e-94
-1.348509e+01 -7.268526e-105
-1.266170e+01 -4.382475e-94
-1.321576e+01 -2.833769e-101
-1.315422e+01 -1.837064e-100
-1.363575e+01 -6.686060e-107
-1.299228e+01 -2.422535e-98
-1.220493e+01 -2.333831e-88
-1.183107e+01 -8.320303e-84
-1.206514e+01 -1.214156e-86
-1.188485e+01 -1.874224e-84
-1.280131e+01 -7.165700e-96
-1.252701e+01 -2.234074e-92
-1.175758e+01 -6.319260e-83
-1.229401e+01 -1.842933e-89
-1.169830e+01 -3.217377e-82
-1.193496e+01 -4.649350e-85
-1.165784e+01 -9.732011e-82
-1.149014e+01 -9.233875e-80
-1.105947e+01 -8.533871e-75
-1.095489e+01 -1.296190e-73
-1.194511e+01 -3.503190e-85
-1.130378e+01 -1.361364e-77
-1.192283e+01 -6.518251e-85
-1.201712e+01 -4.676422e-86
-1.146724e+01 -1.711864e-79
-1.246670e+01 -1.283680e-91
-1.319125e+01 -5.971980e-101
-1.352462e+01 -2.133078e-105
-1.280163e+01 -7.099490e-96
-1.368191e+01 -1.575322e-107
-1.454727e+01 -1.215924e-119
-1.481298e+01 -1.718811e-123
-1.547162e+01 -2.680946e-133
-1.505186e+01 -5.272172e-127
-1.413854e+01 -7.708217e-114
-1.423090e+01 -3.877572e-115
-1.418369e+01 -1.791258e-114
-1.350456e+01 -3.975397e-105
-1.333160e+01 -8.234274e-103
-1.424857e+01 -2.184053e-115
-1.396615e+01 -1.952077e-111
-1.448935e+01 -8.240505e-119
-1.503075e+01 -1.082527e-126
-1.580390e+01 -2.176957e-138
-1.511163e+01 -6.842079e-128
-1.489817e+01 -9.729393e-125
-1.460262e+01 -1.940780e-120
-1.513306e+01 -3.284562e-128
-1.540246e+01 -2.990726e-132
-1.612608e+01 -2.043736e-143
-1.596260e+01 -7.459550e-141
-1.580138e+01 -2.381202e-138
-1.529667e+01 -1.175167e-130
-1.569154e+01 -1.174682e-136
-1.606397e+01 -1.935218e-142
-1.652613e+01 -8.760967e-150
-1.751281e+01 -4.389923e-166
-1.656779e+01 -1.867950e-150
-1.558397e+01 -5.222281e-135
-1.645940e+01 -1.033835e-148
-1.608501e+01 -9.043637e-143
-1.568262e+01 -1.610379e-136
-1.665884e+01 -6.300771e-152
-1.711225e+01 -2.300372e-159
-1.629891e+01 -3.771411e-146
-1.554769e+01 -1.868167e-134
-1.653921e+01 -5.395508e-150
-1.617108e+01 -3.990949e-144
-1.607737e+01 -1.192381e-142
-1.677556e+01 -7.976136e-154
-1.621010e+01 -9.651462e-145
-1.654202e+01 -4.861836e-150
-1.604667e+01 -3.613360e-142
-1.562078e+01 -1.429221e-135
-1.609617e+01 -6.039660e-143
-1.555425e+01 -1.483761e-134
-1.625484e+01 -1.888291e-145
-1.613865e+01 -1.295829e-143
-1.696986e+01 -5.209378e-157
-1.727686e+01 -4.142844e-162
-1.767784e+01 -6.818394e-169
-1.805367e+01 -2.231674e-175
-1.813923e+01 -7.162684e-177
-1.843707e+01 -4.041389e-182
-1.777339e+01 -1.572338e-170
-1.684661e+01 -5.505923e-155
-1.687028e+01 -2.255575e-155
-1.587067e+01 -2.010631e-139
-1.589352e+01 -8.881536e-140
-1.676371e+01 -1.244479e-153
-1.695369e+01 -9.617885e-157
-1.784044e+01 -1.103922e-171
-1.756378e+01 -5.990097e-167
-1.790069e+01 -1.007026e-172
-1.878681e+01 -2.213493e-188
-1.780391e+01 -4.697424e-171
-1.865095e+01 -6.167307e-186
-1.776111e+01 -2.554924e-170
-1.739769e+01 -3.871310e-164
-1.831862e+01 -5.048194e-180
-1.843954e+01 -3.653738e-182
-1.785794e+01 -5.510820e-172
-1.716874e+01 -2.645914e-160
-1.634636e+01 -6.626621e-147
-1.588655e+01 -1.139409e-139
-1.541799e+01 -1.741870e-132
-1.524699e+01 -6.535511e-130
-1.559754e+01 -3.239721e-135
-1.575601e+01 -1.194942e-137
-1.499427e+01 -3.744712e-126
-1.574965e+01 -1.497797e-137
-1.615585e+01 -6.939491e-144
-1.627273e+01 -9.822988e-146
-1.640740e+01 -7.029806e-148
-1.612826e+01 -1.888612e-143
-1.673434e+01 -3.744023e-153
-1.584099e+01 -5.804031e-139
-1.653556e+01 -6.176550e-150
-1.618249e+01 -2.636474e-144
-1.709681e+01 -4.149260e-159
-1.799623e+01 -2.226808e-174
-1.731414e+01 -9.829835e-163
-1.794538e+01 -1.697264e-173
-1.701822e+01 -8.296302e-158
-1.778992e+01 -8.176509e-171
-1.685284e+01 -4.353586e-155
-1.736646e+01 -1.298881e-163
-1.798829e+01 -3.058661e-174
-1.720685e+01 -6.128883e-161
-1.791013e+01 -6.917560e-173
-1.867859e+01 -1.967244e-186
-1.864553e+01 -7.713147e-186
-1.945804e+01 -1.072091e-200
-1.867756e+01 -2.053363e-186
-1.859163e+01 -7.120449e-185
-1.924630e+01 -9.061733e-197
-1.899247e+01 -4.107160e-192
-1.806169e+01 -1.617465e-175
-1.772181e+01 -1.205567e-169
-1.737523e+01 -9.246774e-164
-1.684705e+01 -5.415464e-155
-1.669284e+01 -1.769658e-152
-1.688445e+01 -1.321040e-155
-1.633116e+01 -1.157035e-146
-1.544509e+01 -6.770500e-133
-1.470372e+01 -6.693467e-122
-1.449367e+01 -7.145018e-119
-1.535336e+01 -1.647711e-131
-1.448659e+01 -9.023822e-119
-1.527774e+01 -2.261086e-130
-1.610735e+01 -4.029634e-143
-1.567323e+01 -2.244521e-136
-1.537281e+01 -8.387555e-132
-1.561350e+01 -1.847122e-135
-1.473049e+01 -2.735092e-122
-1.419083e+01 -1.421499e-114
-1.419032e+01 -1.445183e-114
-1.510687e+01 -8.051256e-128
-1.424841e+01 -2.195284e-115
-1.442947e+01 -5.915873e-118
-1.504227e+01 -7.310676e-127
-1.505173e+01 -5.295564e-127
-1.594167e+01 -1.581448e-140
-1.660097e+01 -5.442531e-151
-1.649350e+01 -2.932033e-149
-1.730638e+01 -1.326433e-162
-1.743211e+01 -1.017190e-164
-1.646260e+01 -9.184660e-149
-1.624582e+01 -2.624212e-145
-1.697811e+01 -3.808278e-157
-1.604527e+01 -3.801594e-142
-1.623241e+01 -4.280021e-145
-1.531893e+01 -5.436596e-131
-1.487274e+01 -2.296398e-124
-1.485415e+01 -4.298614e-124
-1.457883e+01 -4.274244e-120
-1.509421e+01 -1.241484e-127
-1.443661e+01 -4.677962e-118
-1.511529e+01 -6.034962e-128
-1.503766e+01 -8.554812e-127
-1.584440e+01 -5.138293e-139
-1.517269e+01 -8.432426e-129
-1.433551e+01 -1.285414e-116
-1.370208e+01 -8.362995e-108
-1.300826e+01 -1.500053e-98
-1.258819e+01 -3.762668e-93
-1.221089e+01 -1.969937e-88
-1.253931e+01 -1.562363e-92
-1.222785e+01 -1.216157e-88
-1.246052e+01 -1.535113e-91
-1.270503e+01 -1.227671e-94
-1.303819e+01 -6.103572e-99
-1.213685e+01 -1.607036e-87
-1.256061e+01 -8.407518e-93
-1.218590e+01 -4.005569e-88
-1.238852e+01 -1.225188e-90
-1.211158e+01 -3.281628e-87
-1.291980e+01 -2.117496e-97
-1.364235e+01 -5.438091e-107
-1.342851e+01 -4.178207e-104
-1.305861e+01 -3.300440e-99
-1.313279e+01 -3.515428e-100
-1.406053e+01 -9.502797e-113
-1.355429e+01 -8.482071e-106
-1.384300e+01 -9.812370e-110
-1.437657e+01 -3.354636e-117
-1.434609e+01 -9.096212e-117
-1.382120e+01 -1.957035e-109
-1.317855e+01 -8.782640e-101
-1.254370e+01 -1.375344e-92
-1.197409e+01 -1.559727e-85
-1.116114e+01 -5.935034e-76
-1.121918e+01 -1.283630e-76
-1.043385e+01 -7.208227e-68
-9.724897e+00 -1.977632e-60
-9.607409e+00 -3.066652e-59
-8.824871e+00 -1.289192e-51
-8.979804e+00 -4.396937e-53
-8.054839e+00 -1.238575e-44
-8.352223e+00 -2.866168e-47
-8.545386e+00 -5.060742e-49
-9.243432e+00 -1.255366e-55
-9.791791e+00 -4.101554e-61
-9.413443e+00 -2.666211e-57
-9.404506e+00 -3.269327e-57
-9.543922e+00 -1.333486e-58
-9.654404e+00 -1.027757e-59
-9.503219e+00 -3.407173e-58
-1.023922e+01 -8.776994e-66
-9.406642e+00 -3.113870e-57
-9.269298e+00 -7.012501e-56
-1.020334e+01 -2.109715e-65
-1.013572e+01 -1.093928e-64
-9.742929e+00 -1.295285e-60
-1.052298e+01 -7.793250e-69
-1.073601e+01 -3.587854e-71
-1.069555e+01 -1.004038e-70
-1.086976e+01 -1.168069e-72
-1.055783e+01 -3.252399e-69
-1.075157e+01 -2.413019e-71
-9.773648e+00 -6.289581e-61
-8.979228e+00 -4.452953e-53
-8.430632e+00 -5.618088e-48
-8.828258e+00 -1.198007e-51
-8.666869e+00 -3.846452e-50
-8.715174e+00 -1.369289e-50
-8.390860e+00 -1.285984e-47
-8.957028e+00 -7.246660e-53
-8.994199e+00 -3.204641e-53
-9.563229e+00 -8.535662e-59
-9.638259e+00 -1.496972e-59
-1.014587e+01 -8.549136e-65
-1.061260e+01 -8.193613e-70
-9.831675e+00 -1.598637e-61
-9.088261e+00 -4.015095e-54
-8.504603e+00 -1.194119e-48
-7.846199e+00 -7.873606e-43
-8.752926e+00 -6.088624e-51
-9.605398e+00 -3.213160e-59
-9.655179e+00 -1.009371e-59
-1.048365e+01 -2.084173e-68
-1.065199e+01 -3.028266e-70
-1.117560e+01 -4.054970e-76
-1.171973e+01 -1.787815e-82
-1.186841e+01 -2.957180e-84
-1.195260e+01 -2.842801e-85
-1.127971e+01 -2.581118e-77
-1.164199e+01 -1.500181e-81
-1.226054e+01 -4.792206e-89
-1.130805e+01 -1.215012e-77
-1.226658e+01 -4.033536e-89
-1.236818e+01 -2.199340e-90
-1.180139e+01 -1.889022e-83
-1.102545e+01 -2.072699e-74
-1.169562e+01 -3.462396e-82
-1.121059e+01 -1.610713e-76
-1.027606e+01 -3.556771e-66
-9.945096e+00 -1.077848e-62
-1.052822e+01 -6.834326e-69
-1.040244e+01 -1.572369e-67
-9.692653e+00 -4.207969e-60
-9.871710e+00 -6.188966e-62
-1.062801e+01 -5.552617e-70
-1.095797e+01 -1.196740e-73
-1.040503e+01 -1.474755e-67
-9.602115e+00 -3.467543e-59
-8.873178e+00 -4.519621e-52
-8.102509e+00 -4.738119e-45
-8.006815e+00 -3.245929e-44
-8.732036e+00 -9.537703e-51
-9.316165e+00 -2.433117e-56
-9.706819e+00 -3.020752e-60
-9.735937e+00 -1.526369e-60
-8.908079e+00 -2.113288e-52
-9.739828e+00 -1.393126e-60
-9.802779e+00 -3.164791e-61
-9.190871e+00 -4.082012e-55
-8.213611e+00 -4.958352e-46
-8.060647e+00 -1.101991e-44
-7.621858e+00 -6.208030e-41
-7.281794e+00 -3.844111e-38
-6.298506e+00 -1.236591e-30
-5.920565e+00 -5.680470e-28
-5.796764e+00 -3.975968e-27
-6.625382e+00 -4.894443e-33
-6.680010e+00 -1.901668e-33
-7.540851e+00 -2.931639e-40
-6.805932e+00 -2.103195e-34
-7.325074e+00 -1.718130e-38
-7.628181e+00 -5.496579e-41
-6.786226e+00 -2.974670e-34
-6.202591e+00 -6.019793e-30
-5.690384e+00 -2.065152e-26
-6.088821e+00 -3.841820e-29
-6.867049e+00 -7.141512e-35
-7.340141e+00 -1.296928e-38
-6.921703e+00 -2.701179e-35
-7.800052e+00 -1.949481e-42
-8.347879e+00 -3.135852e-47
-8.804723e+00 -1.993305e-51
-9.030693e+00 -1.434510e-53
-8.637784e+00 -7.147826e-50
-8.161141e+00 -1.444178e-45
-8.662734e+00 -4.201137e-50
-9.418669e+00 -2.366351e-57
-1.003309e+01 -1.306894e-63
-1.027361e+01 -3.777872e-66
-9.547963e+00 -1.214678e-58
-9.967434e+00 -6.317820e-63
-1.005639e+01 -7.455768e-64
-9.757087e+00 -9.286852e-61
-1.009931e+01 -2.643876e-64
-1.023120e+01 -1.067979e-65
-9.741088e+00 -1.352504e-60
-8.822748e+00 -1.349801e-51
-9.371424e+00 -6.945388e-57
-9.182537e+00 -4.918755e-55
-8.649860e+00 -5.527451e-50
-7.683332e+00 -1.894716e-41
-6.902729e+00 -3.788237e-35
-6.113912e+00 -2.558432e-29
-5.291387e+00 -8.147543e-24
-4.496899e+00 -4.661866e-19
-4.818545e+00 -6.434855e-21
-5.695114e+00 -1.920213e-26
-4.753639e+00 -1.552801e-20
-4.637997e+00 -7.305981e-20
-3.820494e+00 -1.935998e-15
-3.395012e+00 -2.287493e-13
-4.052948e+00 -1.225298e-16
-3.336967e+00 -4.264770e-13
-2.799520e+00 -9.905046e-11
-1.823252e+00 -4.485459e-07
-2.250558e+00 -1.423951e-08
-2.954902e+00 -2.175780e-11
-2.315035e+00 -8.196791e-09
-2.774927e+00 -1.253474e-10
-3.265037e+00 -9.143054e-13
-4.050803e+00 -1.257522e-16
-3.786996e+00 -2.856088e-15
-3.453186e+00 -1.216979e-13
-3.037884e+00 -9.494802e-12
-2.424964e+00 -3.136045e-09
-2.116683e+00 -4.364937e-08
-3.028144e+00 -1.047293e-11
-2.584567e+00 -7.445401e-10
-2.278602e+00 -1.121031e-08
-1.915483e+00 -2.196985e-07
-2.093496e+00 -5.280226e-08
-2.798360e+00 -1.001589e-10
-2.860773e+00 -5.481185e-11
-3.290271e+00 -7.005095e-13
-2.681852e+00 -3.022584e-10
-2.171152e+00 -2.779228e-08
-1.175640e+00 -4.171331e-05
-6.768884e-01 -7.726135e-04
-1.483169e+00 -5.381905e-06
-1.281613e+00 -2.104217e-05
-1.291575e+00 -1.970840e-05
-4.990453e-01 -1.939690e-03
2.082589e-01 -4.034305e-02
7.047991e-01 -1.868320e-01
4.413403e-01 -8.808791e-02
6.246208e-01 -1.508201e-01
-7.980491e-02 -1.322577e-02
5.283215e-01 -1.146538e-01
6.401865e-01 -1.573799e-01
-1.904174e-01 -8.246813e-03
-1.082781e-01 -1.173902e-02
1.668106e+00 -8.956967e-01
2.404081e+00 -8.493518e-01
1.495234e+00 -7.750800e-01
9.628233e-01 -3.410468e-01
1.374856e+00 -6.765117e-01
1.689055e+00 -9.078405e-01
2.360708e+00 -8.779985e-01
8.694817e-01 -2.785740e-01
1.228426e+00 -5.513822e-01
1.902071e+00 -9.904558e-01
2.692124e+00 -6.193807e-01
1.098181e+00 -4.434025e-01
1.867952e+00 -9.827146e-01
1.218989e+00 -5.433624e-01
1.222780e+00 -5.465820e-01
2.668359e+00 -6.397336e-01
2.001003e+00 -9.999990e-01
1.935907e+00 -9.959006e-01
1.234608e+00 -5.566466e-01
2.464957e+00 -8.055865e-01
1.843098e+00 -9.756823e-01
1.528777e+00 -8.008742e-01
1.043708e+00 -4.007192e-01
1.611826e+00 -8.601237e-01
1.568285e+00 -8.299601e-01
2.062802e+00 -9.960636e-01
2.168414e+00 -9.720351e-01
2.623339e+00 -6.780387e-01
1.728748e+00 -9.290638e-01
3.003363e+00 -3.654094e-01
1.659084e+00 -8.902761e-01
2.684315e+00 -6.260740e-01
2.994105e+00 -3.722291e-01
1.358859e+00 -6.629461e-01
2.734328e+00 -5.831930e-01
1.284427e+00 -5.992690e-01
1.548406e+00 -8.155136e-01
1.070251e+00 -4.212902e-01
1.198674e+00 -5.261741e-01
2.402172e+00 -8.506601e-01
2.541747e+00 -7.456570e-01
2.953052e+00 -4.032061e-01
2.279709e+00 -9.247453e-01
2.877155e+00 -4.632908e-01
2.191051e+00 -9.641575e-01
2.906271e+00 -4.398474e-01
1.591410e+00 -8.462455e-01
1.568693e+00 -8.302522e-01
2.424598e+00 -8.350337e-01
1.065648e+00 -4.176911e-01
1.508067e+00 -7.850576e-01
1.403445e+00 -7.005583e-01
1.228960e+00 -5.518367e-01
1.816551e+00 -9.669064e-01
2.067573e+00 -9.954443e-01
2.122601e+00 -9.850814e-01
1.231798e+00 -5.542526e-01
1.954626e+00 -9.979433e-01
2.358517e+00 -8.793832e-01
1.028333e+00 -3.890156e-01
1.597326e+00 -8.503170e-01
2.586097e+00 -7.092763e-01
2.413682e+00 -8.427095e-01
1.858044e+00 -9.800501e-01
2.089234e+00 -9.920690e-01
1.207985e+00 -5.340386e-01
1.525069e+00 -7.980699e-01
1.534253e+00 -8.049942e-01
2.335826e+00 -8.933479e-01
2.100534e+00 -9.899438e-01
1.125094e+00 -4.651200e-01
2.813709e+00 -5.157559e-01
2.621892e+00 -6.792612e-01
2.507963e+00 -7.725746e-01
1.800805e+00 -9.610982e-01
1.752878e+00 -9.407580e-01
2.330423e+00 -8.965695e-01
1.528398e+00 -8.005879e-01
1.116842e+00 -4.584205e-01
2.984454e+00 -3.794053e-01
1.546086e+00 -8.138021e-01
1.158480e+00 -4.925513e-01
2.279050e+00 -9.250856e-01
2.843381e+00 -4.910098e-01
1.513099e+00 -7.889343e-01
2.933621e+00 -4.182613e-01
2.351006e+00 -8.840819e-01
2.448350e+00 -8.178979e-01
1.198861e+00 -5.263316e-01
2.633175e+00 -6.697102e-01
2.290303e+00 -9.191779e-01
1.569561e+00 -8.308736e-01
1.268599e+00 -5.856997e-01
2.552668e+00 -7.367974e-01
2.121538e+00 -9.853371e-01
2.717741e+00 -5.974094e-01
1.452587e+00 -7.410695e-01
1.370292e+00 -6.726485e-01
1.529020e+00 -8.010579e-01
2.957045e+00 -4.001419e-01
1.853011e+00 -9.786259e-01
2.407102e+00 -8.472730e-01
1.649385e+00 -8.843248e-01
1.237079e+00 -5.587529e-01
2.913725e+00 -4.339208e-01
1.725402e+00 -9.273689e-01
2.690739e+00 -6.205676e-01
2.845159e+00 -4.895377e-01
1.760429e+00 -9.442219e-01
2.755697e+00 -5.649165e-01
2.424898e+00 -8.348206e-01
2.516664e+00 -7.657175e-01
1.558525e+00 -8.229166e-01
3.086576e+00 -3.070797e-01
1.436087e+00 -7.276045e-01
1.391984e+00 -6.909527e-01
1.884849e+00 -9.868278e-01
2.878141e+00 -4.624895e-01
1.279737e+00 -5.952473e-01
1.697459e+00 -9.125332e-01
1.606257e+00 -8.563868e-01
2.553258e+00 -7.363174e-01
2.450680e+00 -8.161866e-01
2.844698e+00 -4.899194e-01
2.428469e+00 -8.322803e-01
2.325850e+00 -8.992642e-01
2.325663e+00 -8.993739e-01
2.623593e+00 -6.778233e-01
1.686175e+00 -9.062080e-01
1.617170e+00 -8.636748e-01
2.730472e+00 -5.864957e-01
1.583456e+00 -8.407096e-01
2.823042e+00 -5.079370e-01
2.118210e+00 -9.861235e-01
2.283761e+00 -9.226362e-01
1.582377e+00 -8.399531e-01
1.906512e+00 -9.912981e-01
2.460726e+00 -8.087473e-01
1.772026e+00 -9.493555e-01
2.617447e+00 -6.830137e-01
1.176838e+00 -5.078367e-01
2.147639e+00 -9.784385e-01
2.788394e+00 -5.371033e-01
2.376356e+00 -8.679306e-01
1.893956e+00 -9.888177e-01
1.610002e+00 -8.589040e-01
1.546755e+00 -8.142960e-01
1.178645e+00 -5.093478e-01
2.405589e+00 -8.483154e-01
1.970463e+00 -9.991279e-01
1.150033e+00 -4.855643e-01
1.471342e+00 -7.561775e-01
2.545793e+00 -7.423832e-01
2.805230e+00 -5.228838e-01
2.284987e+00 -9.219928e-01
2.927057e+00 -4.234011e-01
1.391079e+00 -6.901924e-01
2.270728e+00 -9.293280e-01
1.177993e+00 -5.088022e-01
1.688634e+00 -9.076023e-01
1.312231e+00 -6.231134e-01
1.707757e+00 -9.181396e-01
1.857511e+00 -9.799017e-01
2.364191e+00 -8.757849e-01
9.938337e-01 -3.633566e-01
2.501705e+00 -7.774719e-01
1.106582e+00 -4.501401e-01
2.555928e+00 -7.341394e-01
2.013839e+00 -9.998085e-01
1.853740e+00 -9.788352e-01
1.795452e+00 -9.590233e-01
1.152372e+00 -4.874962e-01
2.495425e+00 -7.823554e-01
1.636144e+00 -8.759980e-01
1.894385e+00 -9.889075e-01
2.786257e+00 -5.389138e-01
2.670446e+00 -6.379486e-01
1.651392e+00 -8.855668e-01
1.552150e+00 -8.182646e-01
1.036547e+00 -3.952482e-01
2.961800e+00 -3.965082e-01
2.525374e+00 -7.587993e-01
1.021837e+00 -3.841187e-01
2.508002e+00 -7.725439e-01
2.257339e+00 -9.359217e-01
1.982207e+00 -9.996835e-01
1.645514e+00 -8.819142e-01
1.238392e+00 -5.598725e-01
2.089533e+00 -9.920159e-01
1.237396e+00 -5.590225e-01
1.110252e+00 -4.530957e-01
2.717406e+00 -5.976973e-01
2.882891e+00 -4.586372e-01
2.010226e+00 -9.998954e-01
1.759490e+00 -9.437962e-01
1.697056e+00 -9.123102e-01
1.053378e+00 -4.081611e-01
1.839550e+00 -9.745843e-01
2.909157e+00 -4.375491e-01
2.073444e+00 -9.946205e-01
2.277729e+00 -9.257663e-01
2.228668e+00 -9.490545e-01
1.700662e+00 -9.142939e-01
2.446113e+00 -8.195364e-01
2.270924e+00 -9.292292e-01
2.530877e+00 -7.544016e-01
1.398795e+00 -6.966675e-01
1.847118e+00 -9.768983e-01
1.414280e+00 -7.095899e-01
1.988649e+00 -9.998712e-01
1.163787e+00 -4.969571e-01
1.768723e+00 -9.479163e-01
1.155745e+00 -4.902858e-01
2.777049e+00 -5.467270e-01
2.726745e+00 -5.896897e-01
2.153087e+00 -9.768368e-01
2.733658e+00 -5.837667e-01
2.617113e+00 -6.832952e-01
1.875888e+00 -9.847143e-01
2.185256e+00 -9.662624e-01
2.362040e+00 -8.771537e-01
1.390316e+00 -6.895514e-01
2.787632e+00 -5.377487e-01
1.876104e+00 -9.847669e-01
2.503676e+00 -7.759326e-01
2.314101e+00 -9.060512e-01
2.545538e+00 -7.425894e-01
2.879576e+00 -4.613244e-01
1.782065e+00 -9.536145e-01
2.094655e+00 -9.910805e-01
2.293167e+00 -9.176430e-01
1.825289e+00 -9.699371e-01
1.172917e+00 -5.045611e-01
1.240957e+00 -5.620600e-01
2.051009e+00 -9.974014e-01
1.373832e+00 -6.756460e-01
1.289533e+00 -6.036482e-01
1.608490e+00 -8.578897e-01
2.044023e+00 -9.980639e-01
2.836858e+00 -4.964211e-01
2.951091e+00 -4.047143e-01
3.018917e+00 -3.540944e-01
2.614660e+00 -6.853624e-01
2.446444e+00 -8.192938e-01
1.443590e+00 -7.337460e-01
1.447609e+00 -7.370232e-01
1.746446e+00 -9.377336e-01
1.296086e+00 -6.092692e-01
2.506198e+00 -7.739590e-01
2.269104e+00 -9.301428e-01
2.523114e+00 -7.605998e-01
2.975008e+00 -3.864931e-01
1.727188e+00 -9.282758e-01
2.768070e+00 -5.543649e-01
1.178712e+00 -5.094043e-01
2.992727e+00 -3.732497e-01
2.750958e+00 -5.689643e-01
2.105524e+00 -9.889264e-01
2.335451e+00 -8.935727e-01
1.236923e+00 -5.586198e-01
1.746229e+00 -9.376301e-01
2.888488e+00 -4.541124e-01
2.406921e+00 -8.473983e-01
1.684059e+00 -9.050015e-01
1.300752e+00 -6.132716e-01
1.088286e+00 -4.355166e-01
1.519267e+00 -7.936565e-01
1.929494e+00 -9.950413e-01
1.634830e+00 -8.751592e-01
1.528460e+00 -8.006355e-01
1.291977e+00 -6.057447e-01
1.913321e+00 -9.925149e-01
2.281176e+00 -9.239844e-01
2.791473e+00 -5.344966e-01
1.085750e+00 -4.335046e-01
2.104130e+00 -9.892155e-01
1.260869e+00 -5.790797e-01
1.616400e+00 -8.631653e-01
2.613461e+00 -6.863726e-01
2.065516e+00 -9.957169e-01
1.444433e+00 -7.344343e-01
2.377940e+00 -8.668938e-01
1.134239e+00 -4.725828e-01
2.645623e+00 -6.591336e-01
1.763376e+00 -9.455475e-01
2.526575e+00 -7.578414e-01
2.504775e+00 -7.750734e-01
1.266978e+00 -5.843116e-01
2.885184e+00 -4.567812e-01
2.359401e+00 -8.788252e-01
1.289504e+00 -6.036236e-01
1.897633e+00 -9.895758e-01
1.276844e+00 -5.927670e-01
1.965056e+00 -9.987797e-01
2.000768e+00 -9.999994e-01
2.054837e+00 -9.969974e-01
1.075851e+00 -4.256866e-01
1.161014e+00 -4.946538e-01
2.752296e+00 -5.678206e-01
2.118994e+00 -9.859402e-01
1.079357e+00 -4.284489e-01
2.903944e+00 -4.417045e-01
1.373156e+00 -6.750734e-01
2.691120e+00 -6.202410e-01
2.701663e+00 -6.111998e-01
1.764373e+00 -9.459930e-01
2.671233e+00 -6.372755e-01
2.771642e+00 -5.513250e-01
2.950004e+00 -4.055511e-01
2.751351e+00 -5.686284e-01
2.847730e+00 -4.874113e-01
1.376164e+00 -6.776183e-01
2.870564e+00 -4.686579e-01
1.982723e+00 -9.997015e-01
1.115162e+00 -4.570607e-01
2.768570e+00 -5.539399e-01
2.509316e+00 -7.715119e-01
2.386226e+00 -8.614220e-01
2.474158e+00 -7.986554e-01
2.868398e+00 -4.704267e-01
2.723995e+00 -5.920473e-01
1.403944e+00 -7.009756e-01
1.338392e+00 -6.455031e-01
1.804877e+00 -9.626427e-01
1.560158e+00 -8.241017e-01
1.067276e+00 -4.189624e-01
1.641924e+00 -8.796613e-01
1.961472e+00 -9.985167e-01
1.128467e+00 -4.678673e-01
1.727249e+00 -9.283068e-01
2.922677e+00 -4.268453e-01
2.124985e+00 -9.845001e-01
2.178003e+00 -9.688117e-01
2.535339e+00 -7.508210e-01
2.894094e+00 -4.495970e-01
2.481611e+00 -7.929862e-01
1.915219e+00 -9.928379e-01
2.571896e+00 -7.210370e-01
1.325111e+00 -6.341469e-01
1.167129e+00 -4.997365e-01
2.547915e+00 -7.406624e-01
1.492243e+00 -7.727366e-01
2.565255e+00 -7.265027e-01
1.573582e+00 -8.337409e-01
1.584555e+00 -8.414790e-01
1.673794e+00 -8.990559e-01
1.394026e+00 -6.926678e-01
1.243311e+00 -5.640694e-01
1.347312e+00 -6.531157e-01
2.727942e+00 -5.886644e-01
1.266826e+00 -5.841813e-01
2.139440e+00 -9.807442e-01
1.210826e+00 -5.364427e-01
2.226235e+00 -9.501054e-01
2.386108e+00 -8.615007e-01
1.413698e+00 -7.091058e-01
1.257668e+00 -5.763401e-01
1.520028e+00 -7.942368e-01
1.247161e+00 -5.673569e-01
1.557102e+00 -8.218818e-01
2.236921e+00 -9.454149e-01
1.694277e+00 -9.107683e-01
1.320050e+00 -6.298129e-01
1.471886e+00 -7.566120e-01
2.547250e+00 -7.412015e-01
1.657298e+00 -8.891895e-01
2.270373e+00 -9.295062e-01
1.372965e+00 -6.749121e-01
1.356439e+00 -6.608880e-01
2.676349e+00 -6.328972e-01
1.272087e+00 -5.886894e-01
2.204022e+00 -9.592295e-01
1.267106e+00 -5.844212e-01
2.704063e+00 -6.091411e-01
1.337217e+00 -6.444998e-01
2.281240e+00 -9.239514e-01
2.126686e+00 -9.840787e-01
2.721773e+00 -5.939527e-01
1.692004e+00 -9.094987e-01
2.420946e+00 -8.376157e-01
2.787522e+00 -5.378414e-01
2.854853e+00 -4.815362e-01
1.727286e+00 -9.283255e-01
1.620951e+00 -8.661663e-01
1.619837e+00 -8.654344e-01
1.816039e+00 -9.667247e-01
1.809258e+00 -9.642714e-01
1.394970e+00 -6.934600e-01
1.816366e+00 -9.668407e-01
1.702291e+00 -9.151834e-01
1.918210e+00 -9.933327e-01
2.830937e+00 -5.013474e-01
2.608115e+00 -6.908699e-01
1.111441e+00 -4.540548e-01
2.305300e+00 -9.110036e-01
1.563549e+00 -8.265546e-01
1.077203e+00 -4.267511e-01
1.662894e+00 -8.925787e-01
1.357932e+00 -6.621577e-01
1.625797e+00 -8.693339e-01
1.371400e+00 -6.735870e-01
2.855455e+00 -4.810405e-01
1.555046e+00 -8.203832e-01
1.212019e+00 -5.374526e-01
1.579772e+00 -8.381220e-01
1.571697e+00 -8.323990e-01
1.617185e+00 -8.636847e-01
1.082845e+00 -4.312043e-01
1.838278e+00 -9.741852e-01
1.104231e+00 -4.482512e-01
1.244345e+00 -5.649524e-01
1.285530e+00 -6.002153e-01
2.163208e+00 -9.737146e-01
1.768895e+00 -9.479919e-01
2.039187e+00 -9.984655e-01
1.495427e+00 -7.752316e-01
2.283776e+00 -9.226281e-01
1.792303e+00 -9.577791e-01
2.568601e+00 -7.237513e-01
1.690390e+00 -9.085929e-01
1.156153e+00 -4.906241e-01
2.911727e+00 -4.355062e-01
2.924179e+00 -4.256635e-01
1.389976e+00 -6.892651e-01
1.988144e+00 -9.998594e-01
1.075700e+00 -4.255681e-01
2.503948e+00 -7.757201e-01
2.313033e+00 -9.066586e-01
2.694056e+00 -6.177241e-01
1.843124e+00 -9.756902e-01
2.557777e+00 -7.326292e-01
1.868507e+00 -9.828582e-01
2.816584e+00 -5.133442e-01
1.045972e+00 -4.024561e-01
1.961378e+00 -9.985094e-01
1.506975e+00 -7.842140e-01
2.931198e+00 -4.201554e-01
2.924079e+00 -4.257417e-01
1.581755e+00 -8.395164e-01
1.220133e+00 -5.443336e-01
1.640318e+00 -8.786479e-01
2.323056e+00 -9.008962e-01
2.374521e+00 -8.691268e-01
2.984608e+00 -3.792904e-01
2.269927e+00 -9.297303e-01
1.280290e+00 -5.957213e-01
1.797758e+00 -9.599234e-01
2.488816e+00 -7.874612e-01
1.672703e+00 -8.984146e-01
2.502899e+00 -7.765394e-01
2.073111e+00 -9.946690e-01
1.367369e+00 -6.701715e-01
1.415854e+00 -7.108980e-01
1.799625e+00 -9.606452e-01
2.457914e+00 -8.108396e-01
9.886798e-01 -3.595980e-01
1.630493e+00 -8.723755e-01
2.050826e+00 -9.974201e-01
1.813087e+00 -9.656669e-01
1.313438e+00 -6.241482e-01
1.421263e+00 -7.153837e-01
1.568350e+00 -8.300063e-01
2.350922e+00 -8.841344e-01
2.744435e+00 -5.745408e-01
1.003323e+00 -3.703281e-01
1.841203e+00 -9.750989e-01
1.434752e+00 -7.265084e-01
1.838743e+00 -9.743315e-01
2.057481e+00 -9.967014e-01
1.878210e+00 -9.852766e-01
1.623383e+00 -8.677595e-01
2.636614e+00 -6.667916e-01
2.933712e+00 -4.181902e-01
2.017045e+00 -9.997095e-01
2.697712e+00 -6.145883e-01
2.969205e+00 -3.908787e-01
1.446160e+00 -7.358429e-01
2.937102e+00 -4.155469e-01
2.723629e+00 -5.923610e-01
1.122273e+00 -4.628261e-01
2.567395e+00 -7.247438e-01
1.720558e+00 -9.248830e-01
1.986482e+00 -9.998173e-01
2.054520e+00 -9.970320e-01
1.353564e+00 -6.584415e-01
2.955383e+00 -4.014165e-01
2.573853e+00 -7.194219e-01
1.167413e+00 -4.999729e-01
1.846273e+00 -9.766450e-01
1.820731e+00 -9.683735e-01
1.737598e+00 -9.334621e-01
1.566956e+00 -8.290063e-01
1.640059e+00 -8.784842e-01
1.101835e+00 -4.463286e-01
1.717649e+00 -9.233727e-01
1.497639e+00 -7.769597e-01
2.471410e+00 -8.007334e-01
2.007632e+00 -9.999418e-01
1.306767e+00 -6.184295e-01
2.062071e+00 -9.961546e-01
2.521065e+00 -7.622290e-01
2.751590e+00 -5.684242e-01
1.293567e+00 -6.071090e-01
1.750632e+00 -9.397097e-01
2.515709e+00 -7.664734e-01
2.090856e+00 -9.917792e-01
1.071793e+00 -4.224993e-01
1.089268e+00 -4.362966e-01
1.907178e+00 -9.914211e-01
2.705792e+00 -6.076584e-01
2.236702e+00 -9.455127e-01
1.364417e+00 -6.676672e-01
1.950189e+00 -9.975219e-01
2.188891e+00 -9.649492e-01
1.758627e+00 -9.434038e-01
2.333168e+00 -8.949379e-01
1.878759e+00 -9.854081e-01
1.254886e+00 -5.739607e-01
1.902602e+00 -9.905585e-01
2.713590e+00 -6.009697e-01
2.244005e+00 -9.421991e-01
1.246054e+00 -5.664117e-01
1.338533e+00 -6.456233e-01
1.616324e+00 -8.631150e-01
1.457642e+00 -7.451631e-01
1.535182e+00 -8.056902e-01
1.025798e+00 -3.871011e-01
2.747659e+00 -5.717837e-01
1.601992e+00 -8.534992e-01
2.006360e+00 -9.999596e-01
1.968312e+00 -9.989964e-01
2.424826e+00 -8.348715e-01
1.003127e+00 -3.701840e-01
2.563910e+00 -7.276070e-01
2.894337e+00 -4.494017e-01
2.217756e+00 -9.536889e-01
1.382575e+00 -6.830322e-01
2.297419e+00 -9.153415e-01
2.655893e+00 -6.503819e-01
2.887439e+00 -4.549593e-01
1.007612e+00 -3.735015e-01
1.581658e+00 -8.394484e-01
1.916190e+00 -9.930005e-01
1.337492e+00 -6.447345e-01
1.537383e+00 -8.073368e-01
1.184664e+00 -5.143902e-01
2.697888e+00 -6.144382e-01
1.085400e+00 -4.332272e-01
1.020977e+00 -3.834728e-01
2.557239e+00 -7.330689e-01
1.304941e+00 -6.168640e-01
2.069313e+00 -9.952073e-01
1.136454e+00 -4.743964e-01
1.874995e+00 -9.844953e-01
1.973125e+00 -9.992780e-01
2.020672e+00 -9.995728e-01
3.004595e+00 -3.645064e-01
2.491666e+00 -7.852643e-01
2.138902e+00 -9.808911e-01
1.123809e+00 -4.640743e-01
2.401270e+00 -8.512768e-01
1.718100e+00 -9.236082e-01
2.262002e+00 -9.336582e-01
2.360912e+00 -8.778696e-01
1.902102e+00 -9.904618e-01
2.920255e+00 -4.287549e-01
2.735036e+00 -5.825863e-01
2.033828e+00 -9.988563e-01
2.818734e+00 -5.115424e-01
1.867498e+00 -9.825964e-01
1.248011e+00 -5.680834e-01
1.418195e+00 -7.128409e-01
3.001363e+00 -3.668776e-01
1.652086e+00 -8.859951e-01
1.382891e+00 -6.832985e-01
2.753470e+00 -5.668176e-01
2.264951e+00 -9.322082e-01
2.249710e+00 -9.395494e-01
3.009475e+00 -3.609413e-01
1.241304e+00 -5.623564e-01
1.779324e+00 -9.524689e-01
1.676838e+00 -9.008343e-01
2.133730e+00 -9.822752e-01
2.450318e+00 -8.164528e-01
2.026220e+00 -9.993128e-01
2.801975e+00 -5.256269e-01
2.956460e+00 -4.005901e-01
3.022964e+00 -3.511804e-01
1.158114e+00 -4.922487e-01
1.069095e+00 -4.203854e-01
1.660132e+00 -8.909115e-01
2.727825e+00 -5.887642e-01
1.211882e+00 -5.373369e-01
2.196162e+00 -9.622515e-01
2.685653e+00 -6.249273e-01
2.343891e+00 -8.884641e-01
2.506231e+00 -7.739329e-01
1.265249e+00 -5.828304e-01
2.148187e+00 -9.782799e-01
2.854542e+00 -4.817921e-01
1.513212e+00 -7.890207e-01
1.869914e+00 -9.832200e-01
1.603317e+00 -8.543987e-01
2.392338e+00 -8.573328e-01
2.116032e+00 -9.866269e-01
2.648165e+00 -6.569691e-01
1.865262e+00 -9.820096e-01
2.822545e+00 -5.083526e-01
1.314556e+00 -6.251062e-01
2.251988e+00 -9.384759e-01
2.045560e+00 -9.979265e-01
1.207227e+00 -5.333972e-01
2.307846e+00 -9.095829e-01
2.850468e+00 -4.851510e-01
1.846019e+00 -9.765688e-01
3.015910e+00 -3.562675e-01
1.535708e+00 -8.060840e-01
1.331337e+00 -6.394732e-01
2.124611e+00 -9.845922e-01
2.500532e+00 -7.783861e-01
2.403523e+00 -8.497350e-01
2.235889e+00 -9.458760e-01
1.111651e+00 -4.542241e-01
2.426527e+00 -8.336636e-01
2.306199e+00 -9.105030e-01
1.244430e+00 -5.650242e-01
1.598092e+00 -8.508409e-01
1.791112e+00 -9.573040e-01
2.275181e+00 -9.270716e-01
2.975396e+00 -3.862008e-01
2.515295e+00 -7.668004e-01
1.576791e+00 -8.360176e-01
1.300782e+00 -6.132969e-01
2.759949e+00 -5.612871e-01
1.754959e+00 -9.417220e-01
2.446970e+00 -8.189094e-01
1.099159e+00 -4.441845e-01
1.936979e+00 -9.960363e-01
2.285484e+00 -9.217315e-01
1.607051e+00 -8.569214e-01
1.521046e+00 -7.950127e-01
2.793609e+00 -5.326903e-01
1.733685e+00 -9.315332e-01
1.996759e+00 -9.999895e-01
2.169287e+00 -9.717488e-01
1.368299e+00 -6.709596e-01
1.404172e+00 -7.011655e-01
2.753572e+00 -5.667311e-01
1.144865e+00 -4.813038e-01
1.514154e+00 -7.897443e-01
1.529346e+00 -8.013041e-01
1.333436e+00 -6.412685e-01
1.944137e+00 -9.968842e-01
1.001599e+00 -3.690569e-01
1.872702e+00 -9.839257e-01
2.295279e+00 -9.165034e-01
2.671265e+00 -6.372478e-01
2.804040e+00 -5.238868e-01
1.928998e+00 -9.949715e-01
1.649884e+00 -8.846340e-01
1.640518e+00 -8.787745e-01
1.376542e+00 -6.779378e-01
2.732720e+00 -5.845700e-01
1.078523e+00 -4.277910e-01
1.547265e+00 -8.146724e-01
2.044611e+00 -9.980118e-01
2.335749e+00 -8.933943e-01
1.009702e+00 -3.750520e-01
2.187191e+00 -9.655663e-01
2.512516e+00 -7.689940e-01
1.674971e+00 -8.997453e-01
2.598662e+00 -6.987963e-01
1.458312e+00 -7.457041e-01
2.145666e+00 -9.790049e-01
2.036986e+00 -9.986330e-01
2.482696e+00 -7.921571e-01
1.066124e+00 -4.180624e-01
1.211907e+00 -5.373577e-01
1.207018e+00 -5.332206e-01
2.631913e+00 -6.707803e-01
1.042934e+00 -4.001265e-01
1.915761e+00 -9.929289e-01
1.744367e+00 -9.367412e-01
1.202447e+00 -5.293575e-01
1.712902e+00 -9.208802e-01
2.562835e+00 -7.284883e-01
1.411298e+00 -7.071096e-01
2.131959e+00 -9.827377e-01
1.685592e+00 -9.058764e-01
2.622842e+00 -6.784587e-01
1.885615e+00 -9.870013e-01
1.242643e+00 -5.634994e-01
1.818119e+00 -9.674603e-01
1.428355e+00 -7.212439e-01
1.563470e+00 -8.264976e-01
2.024473e+00 -9.994012e-01
2.667005e+00 -6.408914e-01
1.787496e+00 -9.558467e-01
1.751259e+00 -9.400033e-01
2.510477e+00 -7.705993e-01
1.465922e+00 -7.518343e-01
1.184957e+00 -5.146364e-01
2.804239e+00 -5.237186e-01
2.320229e+00 -9.025363e-01
1.720636e+00 -9.249233e-01
1.734022e+00 -9.317001e-01
1.981202e+00 -9.996467e-01
2.028263e+00 -9.992015e-01
2.470918e+00 -8.011045e-01
1.054540e+00 -4.090594e-01
1.744446e+00 -9.367792e-01
1.517640e+00 -7.924140e-01
1.706600e+00 -9.175177e-01
2.632023e+00 -6.706869e-01
2.578128e+00 -7.158881e-01
2.968027e+00 -3.917719e-01
1.995356e+00 -9.999784e-01
2.162117e+00 -9.740603e-01
1.137020e+00 -4.748603e-01
1.031235e+00 -3.912123e-01
2.390681e+00 -8.584457e-01
2.473080e+00 -7.994714e-01
2.163877e+00 -9.735018e-01
1.444068e+00 -7.341364e-01
2.609419e+00 -6.897735e-01
2.141112e+00 -9.802843e-01
2.130323e+00 -9.831592e-01
2.005443e+00 -9.999704e-01
2.658203e+00 -6.484103e-01
2.548084e+00 -7.405246e-01
1.516683e+00 -7.916818e-01
2.299597e+00 -9.141521e-01
2.038056e+00 -9.985528e-01
2.327289e+00 -8.984193e-01
2.737130e+00 -5.807933e-01
2.205123e+00 -9.587974e-01
2.004714e+00 -9.999778e-01
2.707327e+00 -6.063418e-01
1.914360e+00 -9.926926e-01
1.570622e+00 -8.316316e-01
2.530068e+00 -7.550498e-01
2.353114e+00 -8.827712e-01
2.047797e+00 -9.977181e-01
2.929719e+00 -4.213134e-01
2.122690e+00 -9.850599e-01
1.037976e+00 -3.963368e-01
1.202733e+00 -5.295996e-01
2.371575e+00 -8.710396e-01
1.507545e+00 -7.846544e-01
2.113560e+00 -9.871870e-01
1.065592e+00 -4.176472e-01
1.426804e+00 -7.199641e-01
1.906668e+00 -9.913270e-01
1.167691e+00 -5.002048e-01
2.301896e+00 -9.128887e-01
1.522693e+00 -7.962657e-01
2.036283e+00 -9.986844e-01
1.162371e+00 -4.957802e-01
2.284694e+00 -9.221471e-01
2.508359e+00 -7.722638e-01
2.828490e+00 -5.033869e-01
1.246960e+00 -5.671857e-01
2.870600e+00 -4.686289e-01
1.672694e+00 -8.984097e-01
1.994420e+00 -9.999689e-01
2.762565e+00 -5.590558e-01
1.611706e+00 -8.600433e-01
1.869007e+00 -9.829873e-01
2.412666e+00 -8.434175e-01
2.082469e+00 -9.932219e-01
2.302796e+00 -9.123921e-01
1.197178e+00 -5.249127e-01
1.591876e+00 -8.465676e-01
2.942032e+00 -4.117151e-01
1.335079e+00 -6.426728e-01
1.854971e+00 -9.791863e-01
1.137272e+00 -4.750666e-01
2.988183e+00 -3.766248e-01
2.384170e+00 -8.627875e-01
1.817063e+00 -9.670879e-01
1.464693e+00 -7.508467e-01
2.034869e+00 -9.987849e-01
2.169721e+00 -9.716055e-01
1.552580e+00 -8.185799e-01
2.028541e+00 -9.991857e-01
2.788736e+00 -5.368133e-01
1.645630e+00 -8.819870e-01
1.782111e+00 -9.536338e-01
2.601258e+00 -6.966230e-01
2.169612e+00 -9.716415e-01
1.124609e+00 -4.647248e-01
1.664514e+00 -8.935518e-01
1.604678e+00 -8.553202e-01
2.267009e+00 -9.311884e-01
2.609225e+00 -6.899372e-01
1.666380e+00 -8.946680e-01
1.852756e+00 -9.785526e-01
1.958797e+00 -9.983037e-01
1.493590e+00 -7.737927e-01
1.372377e+00 -6.744144e-01
1.483885e+00 -7.661521e-01
2.232926e+00 -9.471908e-01
1.667244e+00 -8.951836e-01
2.365823e+00 -8.747416e-01
2.599417e+00 -6.981646e-01
2.789661e+00 -5.360299e-01
2.195923e+00 -9.623417e-01
1.348842e+00 -6.544196e-01
1.420321e+00 -7.146034e-01
1.930230e+00 -9.951439e-01
1.214737e+00 -5.397561e-01
1.567916e+00 -8.296956e-01
1.284643e+00 -5.994546e-01
2.062601e+00 -9.960888e-01
1.542660e+00 -8.112652e-01
1.414233e+00 -7.095511e-01
2.916619e+00 -4.316284e-01
1.081469e+00 -4.301166e-01
1.250916e+00 -5.705658e-01
1.600541e+00 -8.525126e-01
2.681085e+00 -6.288414e-01
2.974641e+00 -3.867697e-01
1.281187e+00 -5.964908e-01
2.334952e+00 -8.938721e-01
1.805938e+00 -9.630403e-01
1.151543e+00 -4.868111e-01
2.045056e+00 -9.979720e-01
1.555506e+00 -8.207185e-01
2.046223e+00 -9.978657e-01
1.179058e+00 -5.096931e-01
1.021777e+00 -3.840743e-01
2.881596e+00 -4.596863e-01
2.767145e+00 -5.551534e-01
2.760076e+00 -5.611791e-01
2.076892e+00 -9.941051e-01
2.516572e+00 -7.657908e-01
2.146695e+00 -9.787106e-01
2.954278e+00 -4.022638e-01
9.984221e-01 -3.667194e-01
2.228872e+00 -9.489659e-01
2.301205e+00 -9.132696e-01
1.511301e+00 -7.875517e-01
1.397057e+00 -6.952108e-01
1.934975e+00 -9.957806e-01
2.578899e+00 -7.152494e-01
1.674423e+00 -8.994244e-01
1.764754e+00 -9.461629e-01
1.801866e+00 -9.615034e-01
1.119568e+00 -4.606300e-01
2.230763e+00 -9.481414e-01
2.587357e+00 -7.082290e-01
2.279033e+00 -9.250944e-01
2.600976e+00 -6.968586e-01
2.898178e+00 -4.463179e-01
2.461838e+00 -8.079183e-01
1.300935e+00 -6.134285e-01
2.609867e+00 -6.893969e-01
1.630054e+00 -8.720920e-01
2.839801e+00 -4.939771e-01
2.743117e+00 -5.756690e-01
2.752328e+00 -5.677934e-01
2.517589e+00 -7.649858e-01
1.922594e+00 -9.940263e-01
2.704636e+00 -6.086498e-01
1.088247e+00 -4.354860e-01
2.531001e+00 -7.543020e-01
1.999692e+00 -9.999999e-01
2.102635e+00 -9.895214e-01
2.788298e+00 -5.371847e-01
1.461341e+00 -7.481484e-01
2.982586e+00 -3.808019e-01
2.990257e+00 -3.750826e-01
1.621055e+00 -8.662349e-01
2.094518e+00 -9.911062e-01
2.998007e+00 -3.693472e-01
2.758973e+00 -5.621201e-01
1.667870e+00 -8.955562e-01
1.268012e+00 -5.851968e-01
2.140690e+00 -9.804010e-01
1.131698e+00 -4.705053e-01
2.276618e+00 -9.263366e-01
2.545965e+00 -7.422432e-01
2.172418e+00 -9.707094e-01
1.986811e+00 -9.998261e-01
1.255984e+00 -5.748992e-01
2.400685e+00 -8.516763e-01
1.408335e+00 -7.046406e-01
2.584745e+00 -7.103999e-01
1.878992e+00 -9.854637e-01
1.919337e+00 -9.935146e-01
2.552185e+00 -7.371911e-01
2.616746e+00 -6.836046e-01
2.232974e+00 -9.471697e-01
1.238299e+00 -5.597929e-01
1.930212e+00 -9.951415e-01
1.478612e+00 -7.619724e-01
1.124477e+00 -4.646178e-01
1.750961e+00 -9.398636e-01
1.022670e+00 -3.847453e-01
1.904733e+00 -9.909653e-01
1.970884e+00 -9.991526e-01
2.516144e+00 -7.661292e-01
2.432459e+00 -8.294264e-01
1.590319e+00 -8.454905e-01
1.967855e+00 -9.989673e-01
1.907852e+00 -9.915447e-01
2.638536e+00 -6.651593e-01
1.055666e+00 -4.099305e-01
2.245093e+00 -9.416979e-01
1.991409e+00 -9.999262e-01
2.186688e+00 -9.657479e-01
1.224098e+00 -5.477023e-01
2.694942e+00 -6.169642e-01
1.229213e+00 -5.520521e-01
2.830281e+00 -5.018942e-01
2.263247e+00 -9.330478e-01
2.377576e+00 -8.671321e-01
2.514349e+00 -7.675472e-01
2.725503e+00 -5.907546e-01
2.042259e+00 -9.982158e-01
2.790250e+00 -5.355320e-01
1.168858e+00 -5.011765e-01
1.090048e+00 -4.369166e-01
1.739239e+00 -9.342637e-01
1.866421e+00 -9.823150e-01
2.341112e+00 -8.901571e-01
1.149370e+00 -4.850172e-01
2.898377e+00 -4.461586e-01
2.542838e+00 -7.447749e-01
1.683551e+00 -9.047109e-01
2.325000e+00 -8.997621e-01
2.824437e+00 -5.067712e-01
1.764494e+00 -9.460470e-01
2.772072e+00 -5.509589e-01
2.084423e+00 -9.928980e-01
1.862706e+00 -9.813268e-01
1.159465e+00 -4.933687e-01
2.002093e+00 -9.999956e-01
1.374651e+00 -6.763386e-01
1.948155e+00 -9.973157e-01
2.592010e+00 -7.043532e-01
2.119406e+00 -9.858433e-01
2.116075e+00 -9.866170e-01
1.193346e+00 -5.216850e-01
2.351938e+00 -8.835030e-01
1.824822e+00 -9.697786e-01
2.336762e+00 -8.927855e-01
1.383866e+00 -6.841209e-01
1.456836e+00 -7.445111e-01
2.375192e+00 -8.686899e-01
1.537330e+00 -8.072969e-01
2.508460e+00 -7.721845e-01
2.392459e+00 -8.572512e-01
1.072422e+00 -4.229924e-01
2.937576e+00 -4.151778e-01
2.005563e+00 -9.999691e-01
1.477442e+00 -7.610418e-01
1.628430e+00 -8.710428e-01
1.964340e+00 -9.987292e-01
1.896013e+00 -9.892450e-01
1.668544e+00 -8.959567e-01
1.224739e+00 -5.482467e-01
1.515523e+00 -7.907938e-01
2.693265e+00 -6.184021e-01
2.235427e+00 -9.460820e-01
1.171634e+00 -5.034909e-01
2.031340e+00 -9.990183e-01
1.348629e+00 -6.542379e-01
1.777749e+00 -9.518047e-01
1.035901e+00 -3.947564e-01
1.724979e+00 -9.271531e-01
1.731441e+00 -9.304158e-01
1.879508e+00 -9.855866e-01
2.470092e+00 -8.017277e-01
2.442949e+00 -8.218444e-01
1.510659e+00 -7.870568e-01
2.726006e+00 -5.903233e-01
2.045669e+00 -9.979166e-01
1.781697e+00 -9.534613e-01
2.559773e+00 -7.309967e-01
2.619294e+00 -6.814548e-01
2.674725e+00 -6.342873e-01
1.124306e+00 -4.644786e-01
2.725633e+00 -5.906432e-01
2.768044e+00 -5.543871e-01
2.040498e+00 -9.983613e-01
1.571584e+00 -8.323182e-01
1.740742e+00 -9.349946e-01
2.309514e+00 -9.086466e-01
2.979333e+00 -3.832403e-01
1.723247e+00 -9.262677e-01
1.140783e+00 -4.779478e-01
1.699241e+00 -9.135148e-01
1.858126e+00 -9.800731e-01
1.807104e+00 -9.634750e-01
1.570713e+00 -8.316966e-01
2.964815e+00 -3.942115e-01
1.067890e+00 -4.194426e-01
2.425432e+00 -8.344420e-01
1.138250e+00 -4.758686e-01
1.471297e+00 -7.561414e-01
2.795470e+00 -5.311172e-01
1.302469e+00 -6.147437e-01
2.406480e+00 -8.477023e-01
1.417128e+00 -7.119556e-01
1.154883e+00 -4.895723e-01
2.323813e+00 -9.004552e-01
1.112876e+00 -4.552130e-01
1.092772e+00 -4.390850e-01
1.567346e+00 -8.292864e-01
2.143810e+00 -9.795311e-01
2.221207e+00 -9.522454e-01
2.634385e+00 -6.686832e-01
1.849068e+00 -9.774769e-01
1.812388e+00 -9.654141e-01
1.175070e+00 -5.063592e-01
1.289599e+00 -6.037049e-01
1.148571e+00 -4.843580e-01
1.182192e+00 -5.123176e-01
1.201204e+00 -5.283080e-01
2.201537e+00 -9.601968e-01
2.567778e+00 -7.244289e-01
2.498833e+00 -7.797089e-01
1.739616e+00 -9.344477e-01
1.525970e+00 -7.987521e-01
1.075132e+00 -4.251212e-01
1.929208e+00 -9.950011e-01
1.863903e+00 -9.816482e-01
1.829928e+00 -9.714897e-01
1.211035e+00 -5.366193e-01
1.506774e+00 -7.840585e-01
1.440660e+00 -7.313515e-01
1.237316e+00 -5.589547e-01
1.680566e+00 -9.029952e-01
1.277245e+00 -5.931101e-01
2.072119e+00 -9.948123e-01
2.695001e+00 -6.169137e-01
1.155547e+00 -4.901218e-01
1.565439e+00 -8.279162e-01
1.052179e+00 -4.072354e-01
2.168460e+00 -9.720201e-01
2.086593e+00 -9.925297e-01
2.307404e+00 -9.098305e-01
2.185509e+00 -9.661719e-01
1.461171e+00 -7.480114e-01
1.428476e+00 -7.213436e-01
1.098828e+00 -4.439199e-01
1.664020e+00 -8.932556e-01
1.716115e+00 -9.225715e-01
2.748263e+00 -5.712680e-01
2.042030e+00 -9.982350e-01
2.508837e+00 -7.718887e-01
2.202133e+00 -9.599656e-01
1.053172e+00 -4.080023e-01
1.816024e+00 -9.667192e-01
2.295870e+00 -9.161830e-01
2.407851e+00 -8.467560e-01
2.134918e+00 -9.819619e-01
2.755450e+00 -5.651274e-01
2.274053e+00 -9.276462e-01
2.497025e+00 -7.811145e-01
2.531711e+00 -7.537334e-01
1.781837e+00 -9.535198e-01
1.551513e+00 -8.177976e-01
1.810700e+00 -9.648001e-01
2.397964e+00 -8.535296e-01
2.306649e+00 -9.102522e-01
2.939154e+00 -4.139499e-01
1.940981e+00 -9.965228e-01
1.049136e+00 -4.048887e-01
2.437705e+00 -8.256489e-01
2.089359e+00 -9.920468e-01
2.122880e+00 -9.850138e-01
2.700928e+00 -6.118308e-01
2.253015e+00 -9.379894e-01
1.556711e+00 -8.215969e-01
2.215934e+00 -9.544430e-01
1.583569e+00 -8.407889e-01
2.275563e+00 -9.268765e-01
1.016034e+00 -3.797705e-01
1.066893e+00 -4.186635e-01
1.504302e+00 -7.821443e-01
1.276978e+00 -5.928816e-01
1.824732e+00 -9.697482e-01
2.082497e+00 -9.932173e-01
2.332253e+00 -8.954833e-01
1.326091e+00 -6.349857e-01
2.516948e+00 -7.654927e-01
1.714644e+00 -9.217988e-01
2.200997e+00 -9.604054e-01
1.134917e+00 -4.731375e-01
1.687391e+00 -9.068987e-01
1.277726e+00 -5.935231e-01
1.552584e+00 -8.185824e-01
2.836563e+00 -4.966660e-01
1.088709e+00 -4.358524e-01
1.419314e+00 -7.137686e-01
2.468231e+00 -8.031286e-01
1.578741e+00 -8.373952e-01
2.773965e+00 -5.493488e-01
1.813676e+00 -9.658792e-01
2.533531e+00 -7.522731e-01
1.635089e+00 -8.753252e-01
1.771583e+00 -9.491636e-01
1.762553e+00 -9.451788e-01
2.357558e+00 -8.799876e-01
2.435846e+00 -8.269907e-01
2.075605e+00 -9.943002e-01
1.716593e+00 -9.228212e-01
1.211373e+00 -5.369057e-01
2.940216e+00 -4.131246e-01
1.735342e+00 -9.323530e-01
1.929647e+00 -9.950626e-01
2.333395e+00 -8.948024e-01
1.312627e+00 -6.234527e-01
1.482353e+00 -7.649396e-01
2.002270e+00 -9.999948e-01
1.528518e+00 -8.006792e-01
1.989305e+00 -9.998856e-01
2.913664e+00 -4.339695e-01
2.950459e+00 -4.052010e-01
2.079824e+00 -9.936484e-01
2.883672e+00 -4.580044e-01
1.907344e+00 -9.914517e-01
1.513852e+00 -7.895124e-01
2.551676e+00 -7.376051e-01
2.046182e+00 -9.978695e-01
1.521342e+00 -7.952384e-01
2.109018e+00 -9.881854e-01
1.370905e+00 -6.731677e-01
1.426034e+00 -7.193283e-01
1.718894e+00 -9.240208e-01
2.044551e+00 -9.980172e-01
2.222663e+00 -9.516303e-01
1.738695e+00 -9.339989e-01
2.240335e+00 -9.438755e-01
1.848478e+00 -9.773025e-01
1.262723e+00 -5.806670e-01
1.380136e+00 -6.809736e-01
1.677795e+00 -9.013911e-01
2.674159e+00 -6.347714e-01
1.965195e+00 -9.987894e-01
2.180962e+00 -9.677832e-01
2.129123e+00 -9.834654e-01
2.003288e+00 -9.999892e-01
1.856624e+00 -9.796532e-01
2.782771e+00 -5.418691e-01
2.359207e+00 -8.789480e-01
2.612414e+00 -6.872543e-01
1.806625e+00 -9.632967e-01
1.476278e+00 -7.601157e-01
2.314438e+00 -9.058596e-01
2.976650e+00 -3.852568e-01
2.508745e+00 -7.719604e-01
1.316818e+00 -6.270443e-01
2.467517e+00 -8.036652e-01
1.505089e+00 -7.827540e-01
1.556334e+00 -8.213227e-01
1.333861e+00 -6.416318e-01
1.607832e+00 -8.574474e-01
2.502269e+00 -7.770319e-01
2.044246e+00 -9.980442e-01
1.637522e+00 -8.768754e-01
2.594493e+00 -7.022804e-01
1.813179e+00 -9.657001e-01
1.470946e+00 -7.558611e-01
1.521613e+00 -7.954443e-01
1.643272e+00 -8.805094e-01
2.874141e+00 -4.657424e-01
2.554930e+00 -7.349540e-01
2.342324e+00 -8.894203e-01
1.314228e+00 -6.248255e-01
1.791128e+00 -9.573106e-01
2.260201e+00 -9.345364e-01
2.021170e+00 -9.995519e-01
1.324801e+00 -6.338808e-01
1.672200e+00 -8.981186e-01
1.724752e+00 -9.270375e-01
2.827565e+00 -5.041589e-01
1.792675e+00 -9.579270e-01
1.989398e+00 -9.998876e-01
1.929542e+00 -9.950479e-01
1.022979e+00 -3.849775e-01
2.121675e+00 -9.853042e-01
1.758096e+00 -9.431615e-01
1.752410e+00 -9.405403e-01
2.587095e+00 -7.084467e-01
1.368663e+00 -6.712679e-01
1.354355e+00 -6.591150e-01
1.167331e+00 -4.999046e-01
2.885041e+00 -4.568973e-01
2.422997e+00 -8.361673e-01
1.552503e+00 -8.185229e-01
2.594542e+00 -7.022398e-01
1.468126e+00 -7.536024e-01
1.936245e+00 -9.959436e-01
1.521116e+00 -7.950665e-01
1.333502e+00 -6.413247e-01
2.744207e+00 -5.747359e-01
2.414887e+00 -8.418685e-01
2.733691e+00 -5.837387e-01
2.680522e+00 -6.293235e-01
2.937443e+00 -4.152813e-01
1.032345e+00 -3.920535e-01
2.045405e+00 -9.979405e-01
2.753339e+00 -5.669303e-01
2.178595e+00 -9.686071e-01
1.073673e+00 -4.239749e-01
2.729737e+00 -5.871255e-01
2.184992e+00 -9.663568e-01
2.650944e+00 -6.546021e-01
1.034511e+00 -3.936989e-01
2.817632e+00 -5.124658e-01
1.053517e+00 -4.082686e-01
2.442956e+00 -8.218393e-01
2.988378e+00 -3.764801e-01
2.004721e+00 -9.999777e-01
1.292775e+00 -6.064292e-01
1.872351e+00 -9.838378e-01
2.485168e+00 -7.902645e-01
1.781968e+00 -9.535744e-01
2.538427e+00 -7.483357e-01
1.113688e+00 -4.558691e-01
3.003031e+00 -3.656527e-01
2.835381e+00 -4.976480e-01
2.225008e+00 -9.506317e-01
1.625981e+00 -8.694537e-01
2.961159e+00 -3.969969e-01
2.635356e+00 -6.678594e-01
1.332906e+00 -6.408154e-01
1.658710e+00 -8.900486e-01
2.227606e+00 -9.495144e-01
2.195692e+00 -9.624286e-01
2.828157e+00 -5.036649e-01
1.213273e+00 -5.385150e-01
2.853760e+00 -4.824364e-01
1.922355e+00 -9.939894e-01
1.321630e+00 -6.311662e-01
2.003525e+00 -9.999876e-01
1.633103e+00 -8.740539e-01
1.687798e+00 -9.071295e-01
1.080936e+00 -4.296953e-01
1.762201e+00 -9.450207e-01
2.422819e+00 -8.362932e-01
1.595023e+00 -8.487368e-01
1.119689e+00 -4.607282e-01
2.964151e+00 -3.947165e-01
2.690507e+00 -6.207664e-01
2.481140e+00 -7.933458e-01
2.464355e+00 -8.060373e-01
1.380120e+00 -6.809602e-01
2.712755e+00 -6.016858e-01
2.431440e+00 -8.301572e-01
2.337046e+00 -8.926151e-01
1.653857e+00 -8.870847e-01
1.133390e+00 -4.718886e-01
2.957095e+00 -4.001037e-01
1.802309e+00 -9.616723e-01
2.150143e+00 -9.777093e-01
1.480515e+00 -7.634826e-01
1.706526e+00 -9.174778e-01
1.777174e+00 -9.515611e-01
2.345848e+00 -8.872657e-01
1.956049e+00 -9.980702e-01
2.881026e+00 -4.601481e-01
1.935478e+00 -9.958456e-01
2.804330e+00 -5.236422e-01
2.360970e+00 -8.778325e-01
2.093357e+00 -9.913224e-01
1.067500e+00 -4.191377e-01
1.868521e+00 -9.828619e-01
2.972370e+00 -3.884841e-01
1.868935e+00 -9.829686e-01
2.096389e+00 -9.907523e-01
1.876706e+00 -9.849137e-01
1.346516e+00 -6.524367e-01
2.341535e+00 -8.899000e-01
2.856103e+00 -4.805077e-01
1.790390e+00 -9.570147e-01
1.386686e+00 -6.864966e-01
2.123723e+00 -9.848091e-01
1.509390e+00 -7.860789e-01
1.041920e+00 -3.993498e-01
1.063465e+00 -4.159883e-01
1.719597e+00 -9.243856e-01
2.903679e+00 -4.419158e-01
1.734013e+00 -9.316957e-01
2.058023e+00 -9.966390e-01
2.263409e+00 -9.329682e-01
1.467365e+00 -7.529927e-01
2.647664e+00 -6.573964e-01
2.876241e+00 -4.640335e-01
1.603247e+00 -8.543515e-01
1.583883e+00 -8.410083e-01
1.229942e+00 -5.526723e-01
2.459239e+00 -8.098549e-01
2.090992e+00 -9.917546e-01
1.229239e+00 -5.520740e-01
2.819613e+00 -5.108063e-01
1.386586e+00 -6.864121e-01
1.068417e+00 -4.198546e-01
2.701258e+00 -6.115475e-01
2.062222e+00 -9.961359e-01
1.288197e+00 -6.025024e-01
1.177363e+00 -5.082758e-01
1.190015e+00 -5.188838e-01
1.525011e+00 -7.980254e-01
1.193946e+00 -5.221905e-01
1.509833e+00 -7.864204e-01
1.093097e+00 -4.393438e-01
1.189620e+00 -5.185520e-01
1.779390e+00 -9.524966e-01
1.373344e+00 -6.752328e-01
1.082731e+00 -4.311143e-01
2.823893e+00 -5.072255e-01
1.457583e+00 -7.451155e-01
1.725424e+00 -9.273800e-01
2.194978e+00 -9.626970e-01
2.869583e+00 -4.694590e-01
2.513783e+00 -7.679941e-01
1.919805e+00 -9.935893e-01
1.254485e+00 -5.736176e-01
2.737138e+00 -5.807862e-01
1.625677e+00 -8.692559e-01
2.858516e+00 -4.785238e-01
2.780362e+00 -5.439137e-01
2.852521e+00 -4.834572e-01
1.532519e+00 -8.036927e-01
1.155749e+00 -4.902893e-01
1.478262e+00 -7.616942e-01
2.478315e+00 -7.954992e-01
2.766942e+00 -5.553260e-01
1.579999e+00 -8.382819e-01
2.340184e+00 -8.907199e-01
2.139973e+00 -9.805984e-01
1.501215e+00 -7.797467e-01
2.179408e+00 -9.683253e-01
2.669269e+00 -6.389550e-01
2.290024e+00 -9.193267e-01
2.239879e+00 -9.440821e-01
2.829402e+00 -5.026266e-01
1.231671e+00 -5.541443e-01
2.092798e+00 -9.914255e-01
1.578077e+00 -8.369268e-01
2.481397e+00 -7.931501e-01
2.419975e+00 -8.383001e-01
1.393507e+00 -6.922323e-01
1.919812e+00 -9.935905e-01
2.064674e+00 -9.958260e-01
1.921503e+00 -9.938572e-01
2.243361e+00 -9.424952e-01
1.485098e+00 -7.671107e-01
1.717677e+00 -9.233873e-01
1.449989e+00 -7.389592e-01
2.081593e+00 -9.933646e-01
1.447095e+00 -7.366049e-01
1.597203e+00 -8.502324e-01
1.351252e+00 -6.564730e-01
2.662035e+00 -6.451382e-01
1.445525e+00 -7.353253e-01
1.626256e+00 -8.696327e-01
2.357352e+00 -8.801167e-01
1.481309e+00 -7.641121e-01
2.227327e+00 -9.496349e-01
2.648560e+00 -6.566329e-01
1.680502e+00 -9.029580e-01
1.463364e+00 -7.497779e-01
2.088459e+00 -9.922056e-01
1.431460e+00 -7.238016e-01
1.915867e+00 -9.929467e-01
2.095798e+00 -9.908648e-01
2.286270e+00 -9.213174e-01
1.937602e+00 -9.961141e-01
2.176339e+00 -9.693832e-01
1.365362e+00 -6.684686e-01
2.431855e+00 -8.298599e-01
1.907364e+00 -9.914554e-01
2.250975e+00 -9.389542e-01
2.157988e+00 -9.753487e-01
1.980555e+00 -9.996220e-01
1.928586e+00 -9.949131e-01
1.816920e+00 -9.670373e-01
2.281854e+00 -9.236321e-01
2.265371e+00 -9.320006e-01
1.485257e+00 -7.672364e-01
1.645885e+00 -8.821464e-01
1.527801e+00 -8.001374e-01
2.446807e+00 -8.190281e-01
1.636804e+00 -8.764188e-01
1.702761e+00 -9.154396e-01
1.965213e+00 -9.987906e-01
1.725830e+00 -9.275868e-01
1.565413e+00 -8.278979e-01
2.381422e+00 -8.646047e-01
2.480565e+00 -7.937850e-01
2.077976e+00 -9.939382e-01
1.657408e+00 -8.892570e-01
1.878034e+00 -9.852344e-01
1.710839e+00 -9.197864e-01
1.967751e+00 -9.989605e-01
1.477996e+00 -7.614825e-01
1.868282e+00 -9.828001e-01
2.036154e+00 -9.986937e-01
2.240317e+00 -9.438839e-01
2.173859e+00 -9.702252e-01
1.762357e+00 -9.450908e-01
1.772156e+00 -9.494115e-01
1.383883e+00 -6.841350e-01
1.473334e+00 -7.577688e-01
1.363398e+00 -6.668017e-01
1.924415e+00 -9.943032e-01
1.909929e+00 -9.919200e-01
1.678862e+00 -9.020100e-01
2.302365e+00 -9.126299e-01
2.480297e+00 -7.939895e-01
2.240363e+00 -9.438627e-01
2.626260e+00 -6.755677e-01
2.213067e+00 -9.556173e-01
2.400834e+00 -8.515751e-01
1.388776e+00 -6.882559e-01
1.700346e+00 -9.141206e-01
1.872758e+00 -9.839399e-01
2.632670e+00 -6.701384e-01
1.657699e+00 -8.894342e-01
2.298032e+00 -9.150075e-01
1.379595e+00 -6.805172e-01
1.915164e+00 -9.928286e-01
1.669478e+00 -8.965110e-01
1.787041e+00 -9.556614e-01
2.020555e+00 -9.995776e-01
2.455561e+00 -8.125844e-01
2.294419e+00 -9.169683e-01
1.362192e+00 -6.657778e-01
1.601531e+00 -8.531860e-01
1.542184e+00 -8.109123e-01
2.073195e+00 -9.946568e-01
2.395112e+00 -8.554619e-01
1.617633e+00 -8.639811e-01
2.193624e+00 -9.632037e-01
1.978405e+00 -9.995338e-01
2.406930e+00 -8.473919e-01
1.758012e+00 -9.431235e-01
1.575136e+00 -8.348447e-01
1.985262e+00 -9.997828e-01
2.350316e+00 -8.845103e-01
1.656058e+00 -8.884327e-01
2.420163e+00 -8.381678e-01
1.559559e+00 -8.236677e-01
1.937754e+00 -9.961329e-01
1.625156e+00 -8.689169e-01
1.750515e+00 -9.396550e-01
1.738692e+00 -9.339970e-01
1.939525e+00 -9.963495e-01
2.210015e+00 -9.568523e-01
1.876135e+00 -9.847746e-01
2.095688e+00 -9.908855e-01
2.231431e+00 -9.478486e-01
1.930279e+00 -9.951508e-01
2.344405e+00 -8.881497e-01
1.619869e+00 -8.654550e-01
1.879376e+00 -9.855552e-01
1.968466e+00 -9.990061e-01
2.232115e+00 -9.475483e-01
1.676627e+00 -9.007115e-01
1.555642e+00 -8.208176e-01
2.394244e+00 -8.560482e-01
1.571388e+00 -8.321789e-01
2.292029e+00 -9.182544e-01
1.594117e+00 -8.481134e-01
2.382036e+00 -8.641995e-01
1.691313e+00 -9.091113e-01
1.701066e+00 -9.145150e-01
1.715377e+00 -9.221843e-01
1.732375e+00 -9.308815e-01
1.817014e+00 -9.670705e-01
1.564904e+00 -8.275311e-01
1.958752e+00 -9.983000e-01
1.566167e+00 -8.284397e-01
2.229015e+00 -9.489037e-01
2.277299e+00 -9.259873e-01
1.933018e+00 -9.955234e-01
2.325596e+00 -8.994133e-01
1.747985e+00 -9.384632e-01
2.124985e+00 -9.845000e-01
2.191896e+00 -9.638457e-01
2.247936e+00 -9.403789e-01
1.753631e+00 -9.411078e-01
2.042825e+00 -9.981677e-01
2.375491e+00 -8.684947e-01
2.065018e+00 -9.957816e-01
2.206669e+00 -9.581871e-01
2.178898e+00 -9.685022e-01
1.745469e+00 -9.372681e-01
2.225476e+00 -9.504312e-01
2.266444e+00 -9.314692e-01
1.756935e+00 -9.426306e-01
1.851096e+00 -9.780717e-01
1.887872e+00 -9.875061e-01
1.901367e+00 -9.903188e-01
2.150005e+00 -9.777497e-01
1.869850e+00 -9.832036e-01
2.025644e+00 -9.993426e-01
2.081412e+00 -9.933940e-01
2.381421e+00 -8.646056e-01
2.397771e+00 -8.536607e-01
2.069699e+00 -9.951538e-01
2.378247e+00 -8.666928e-01
2.163385e+00 -9.736584e-01
2.246367e+00 -9.411084e-01
2.237455e+00 -9.451752e-01
1.747061e+00 -9.380254e-01
2.141520e+00 -9.801713e-01
2.014669e+00 -9.997848e-01
2.140159e+00 -9.805471e-01
2.115903e+00 -9.866562e-01
2.252232e+00 -9.383607e-01
1.903584e+00 -9.907471e-01
1.813366e+00 -9.657675e-01
1.662627e+00 -8.924181e-01
2.309349e+00 -9.087396e-01
1.902442e+00 -9.905276e-01
2.288729e+00 -9.200157e-01
1.804580e+00 -9.625311e-01
2.275771e+00 -9.267704e-01
2.378303e+00 -8.666558e-01
2.022549e+00 -9.994917e-01
2.207405e+00 -9.578952e-01
1.600783e+00 -8.526772e-01
2.340709e+00 -8.904020e-01
2.359227e+00 -8.789354e-01
1.585553e+00 -8.421762e-01
2.294069e+00 -9.171572e-01
1.813775e+00 -9.659146e-01
1.965635e+00 -9.988197e-01
1.567939e+00 -8.297123e-01
2.126285e+00 -9.841787e-01
2.261817e+00 -9.337487e-01
1.735050e+00 -9.322090e-01
1.853805e+00 -9.788537e-01
1.712959e+00 -9.209105e-01
2.166100e+00 -9.727879e-01
1.597929e+00 -8.507294e-01
1.708876e+00 -9.187389e-01
2.285350e+00 -9.218023e-01
1.860582e+00 -9.807503e-01
2.137338e+00 -9.813150e-01
2.108109e+00 -9.883805e-01
2.182855e+00 -9.671169e-01
1.790077e+00 -9.568894e-01
2.096718e+00 -9.906893e-01
2.199712e+00 -9.609002e-01
2.281473e+00 -9.238300e-01
2.085554e+00 -9.927073e-01
2.183650e+00 -9.668352e-01
1.706380e+00 -9.173992e-01
1.754208e+00 -9.413750e-01
1.831531e+00 -9.720170e-01
2.156277e+00 -9.758732e-01
2.127109e+00 -9.839732e-01
2.001406e+00 -9.999980e-01
1.834068e+00 -9.728422e-01
1.901303e+00 -9.903062e-01
2.163267e+00 -9.736959e-01
1.999841e+00 -1.000000e+00
1.792402e+00 -9.578184e-01
2.293208e+00 -9.176210e-01
1.841408e+00 -9.751624e-01
1.743733e+00 -9.364373e-01
2.082387e+00 -9.932353e-01
1.821070e+00 -9.684913e-01
1.782193e+00 -9.536680e-01
1.860013e+00 -9.805943e-01
1.754889e+00 -9.416899e-01
2.105297e+00 -9.889738e-01
1.929977e+00 -9.951088e-01
1.905316e+00 -9.910749e-01
2.004329e+00 -9.999813e-01
2.133723e+00 -9.822772e-01
1.987885e+00 -9.998532e-01
1.954331e+00 -9.979165e-01
1.748853e+00 -9.388734e-01
1.998182e+00 -9.999967e-01
1.800689e+00 -9.610540e-01
1.920132e+00 -9.936414e-01
2.192613e+00 -9.635799e-01
1.716895e+00 -9.229796e-01
1.918530e+00 -9.933846e-01
2.260009e+00 -9.346298e-01
2.107368e+00 -9.885383e-01
2.197906e+00 -9.615901e-01
1.754119e+00 -9.413336e-01
2.209363e+00 -9.571140e-01
1.926670e+00 -9.946371e-01
1.743920e+00 -9.365268e-01
2.095874e+00 -9.908503e-01
2.047250e+00 -9.977699e-01
2.293863e+00 -9.172682e-01
2.140481e+00 -9.804586e-01
2.217962e+00 -9.536032e-01
2.159213e+00 -9.749699e-01
2.268114e+00 -9.306380e-01
2.046515e+00 -9.978387e-01
2.193851e+00 -9.631192e-01
1.761068e+00 -9.445107e-01
1.970793e+00 -9.991473e-01
1.861107e+00 -9.808937e-01
1.909405e+00 -9.918261e-01
1.746240e+00 -9.376354e-01
1.963945e+00 -9.987009e-01
1.891764e+00 -9.883533e-01
2.270178e+00 -9.296045e-01
1.959963e+00 -9.983983e-01
2.034512e+00 -9.988097e-01
2.086263e+00 -9.925863e-01
1.705586e+00 -9.169711e-01
2.071014e+00 -9.949697e-01
1.973885e+00 -9.993182e-01
1.888809e+00 -9.877126e-01
1.757178e+00 -9.427423e-01
1.922881e+00 -9.940703e-01
1.960780e+00 -9.984630e-01
1.735745e+00 -9.325519e-01
2.021641e+00 -9.995318e-01
2.072906e+00 -9.946989e-01
2.264175e+00 -9.325910e-01
2.189235e+00 -9.648235e-01
1.748843e+00 -9.388685e-01
1.799273e+00 -9.605096e-01
1.911979e+00 -9.922822e-01
1.853734e+00 -9.788335e-01
1.724938e+00 -9.271322e-01
2.245164e+00 -9.416653e-01
2.107453e+00 -9.885203e-01
2.200532e+00 -9.605847e-01
2.018400e+00 -9.996615e-01
1.710829e+00 -9.197806e-01
1.707266e+00 -9.178758e-01
2.234182e+00 -9.466352e-01
2.013637e+00 -9.998141e-01
2.131743e+00 -9.827936e-01
1.887797e+00 -9.874895e-01
2.050615e+00 -9.974414e-01
2.150326e+00 -9.776556e-01
2.288873e+00 -9.199395e-01
1.734699e+00 -9.320353e-01
2.115376e+00 -9.867765e-01
2.250567e+00 -9.391464e-01
2.283050e+00 -9.230079e-01
2.026807e+00 -9.992816e-01
2.073833e+00 -9.945635e-01
1.781366e+00 -9.533238e-01
1.786261e+00 -9.553435e-01
1.740740e+00 -9.349935e-01
2.218860e+00 -9.532293e-01
1.847445e+00 -9.769957e-01
2.235633e+00 -9.459902e-01
1.947428e+00 -9.972400e-01
2.288305e+00 -9.202409e-01
2.019410e+00 -9.996233e-01
1.759708e+00 -9.438951e-01
1.930160e+00 -9.951343e-01
2.274544e+00 -9.273963e-01
2.294173e+00 -9.171010e-01
2.042806e+00 -9.981693e-01
1.845204e+00 -9.763229e-01
1.947501e+00 -9.972476e-01
1.769490e+00 -9.482521e-01
2.029489e+00 -9.991308e-01
1.826987e+00 -9.705101e-01
1.731824e+00 -9.306070e-01
2.162734e+00 -9.738651e-01
2.272781e+00 -9.282917e-01
1.825752e+00 -9.700939e-01
1.736660e+00 -9.330018e-01
2.057273e+00 -9.967252e-01
1.731107e+00 -9.302484e-01
1.902717e+00 -9.905806e-01
2.214522e+00 -9.550234e-01
1.835852e+00 -9.734153e-01
2.146663e+00 -9.787196e-01
2.151478e+00 -9.773158e-01
2.236214e+00 -9.457310e-01
2.258798e+00 -9.352171e-01
2.177185e+00 -9.690932e-01
1.853512e+00 -9.787698e-01
2.163223e+00 -9.737100e-01
2.070075e+00 -9.951015e-01
1.895899e+00 -9.892214e-01
2.066819e+00 -9.955452e-01
1.968529e+00 -9.990101e-01
1.823816e+00 -9.694360e-01
2.219425e+00 -9.529936e-01
2.257811e+00 -9.356943e-01
2.204455e+00 -9.590599e-01
1.701937e+00 -9.149906e-01
2.286127e+00 -9.213928e-01
2.039630e+00 -9.984307e-01
1.808494e+00 -9.639900e-01
2.226104e+00 -9.501619e-01
1.796885e+00 -9.595839e-01
1.772488e+00 -9.495551e-01
2.249450e+00 -9.396713e-01
2.259965e+00 -9.346510e-01
2.086684e+00 -9.925140e-01
1.774295e+00 -9.503330e-01
2.241717e+00 -9.432470e-01
1.790402e+00 -9.570198e-01
2.040722e+00 -9.983431e-01
2.065810e+00 -9.956784e-01
1.999156e+00 -9.999993e-01
2.015502e+00 -9.997597e-01
2.036105e+00 -9.986973e-01
2.072830e+00 -9.947099e-01
1.794803e+00 -9.587683e-01
2.176828e+00 -9.692156e-01
2.253294e+00 -9.378571e-01
1.959435e+00 -9.983559e-01
1.745402e+00 -9.372358e-01
1.933331e+00 -9.955651e-01
1.992356e+00 -9.999416e-01
2.174715e+00 -9.699360e-01
1.802862e+00 -9.618823e-01
2.175937e+00 -9.695203e-01
1.728191e+00 -9.287829e-01
1.882575e+00 -9.863060e-01
2.174999e+00 -9.698395e-01
1.789803e+00 -9.567790e-01
1.907438e+00 -9.914688e-01
2.104287e+00 -9.891831e-01
2.057120e+00 -9.967426e-01
2.200955e+00 -9.604215e-01
1.860107e+00 -9.806201e-01
2.223570e+00 -9.512453e-01
1.871431e+00 -9.836060e-01
2.138850e+00 -9.809053e-01
1.897194e+00 -9.894866e-01
1.925181e+00 -9.944178e-01
2.270480e+00 -9.294524e-01
2.160664e+00 -9.745175e-01
2.274395e+00 -9.274721e-01
1.885765e+00 -9.870351e-01
2.014541e+00 -9.997886e-01
1.857420e+00 -9.798761e-01
2.040845e+00 -9.983331e-01
1.758130e+00 -9.431771e-01
2.268029e+00 -9.306802e-01
1.881558e+00 -9.860694e-01
2.104294e+00 -9.891817e-01
1.934602e+00 -9.957322e-01
1.920550e+00 -9.937076e-01
2.128422e+00 -9.836430e-01
2.076535e+00 -9.941595e-01
1.927246e+00 -9.947208e-01
1.741676e+00 -9.354464e-01
1.918371e+00 -9.933589e-01
1.957802e+00 -9.982209e-01
1.790725e+00 -9.571493e-01
2.136453e+00 -9.815528e-01
1.756958e+00 -9.426416e-01
1.768813e+00 -9.479559e-01
1.763683e+00 -9.456851e-01
2.137921e+00 -9.811576e-01
1.734730e+00 -9.320504e-01
2.119060e+00 -9.859248e-01
1.841387e+00 -9.751556e-01
1.823885e+00 -9.694596e-01
2.204797e+00 -9.589255e-01
1.927305e+00 -9.947294e-01
1.858898e+00 -9.802872e-01
2.032412e+00 -9.989500e-01
1.773516e+00 -9.499984e-01
1.968967e+00 -9.990374e-01
2.172771e+00 -9.705913e-01
1.944263e+00 -9.968982e-01
1.917856e+00 -9.932752e-01
1.968328e+00 -9.989974e-01
1.819613e+00 -9.679841e-01
2.120523e+00 -9.855792e-01
2.070346e+00 -9.950637e-01
2.060102e+00 -9.963942e-01
2.078306e+00 -9.938870e-01
2.099449e+00 -9.901587e-01
1.953479e+00 -9.978381e-01
1.805050e+00 -9.627075e-01
2.189691e+00 -9.646571e-01
2.002837e+00 -9.999920e-01
1.859324e+00 -9.804049e-01
1.926831e+00 -9.946606e-01
1.717610e+00 -9.233528e-01
2.247631e+00 -9.405214e-01
1.774101e+00 -9.502496e-01
2.269265e+00 -9.300625e-01
2.115773e+00 -9.866860e-01
1.836500e+00 -9.736220e-01
2.060502e+00 -9.963463e-01
2.168377e+00 -9.720474e-01
1.738283e+00 -9.337976e-01
2.226614e+00 -9.499424e-01
1.915697e+00 -9.929181e-01
2.036475e+00 -9.986705e-01
1.800927e+00 -9.611448e-01
1.876398e+00 -9.848386e-01
1.802837e+00 -9.618727e-01
1.843021e+00 -9.756586e-01
2.003362e+00 -9.999887e-01
2.240836e+00 -9.436479e-01
2.255475e+00 -9.368167e-01
1.846571e+00 -9.767343e-01
2.080048e+00 -9.936127e-01
1.879019e+00 -9.854701e-01
1.756216e+00 -9.423007e-01
1.941665e+00 -9.966028e-01
2.054237e+00 -9.970626e-01
1.812195e+00 -9.653441e-01
2.251534e+00 -9.386905e-01
2.140086e+00 -9.805673e-01
2.216191e+00 -9.543369e-01
2.067163e+00 -9.954993e-01
1.889046e+00 -9.877647e-01
1.818970e+00 -9.677592e-01
1.796989e+00 -9.596241e-01
1.732883e+00 -9.311348e-01
1.974843e+00 -9.993673e-01
2.184844e+00 -9.664100e-01
1.859071e+00 -9.803349e-01
2.029107e+00 -9.991531e-01
2.281378e+00 -9.238796e-01
2.217246e+00 -9.539004e-01
2.263820e+00 -9.327658e-01
2.191421e+00 -9.640212e-01
1.828144e+00 -9.708973e-01
1.970159e+00 -9.991099e-01
2.159031e+00 -9.750262e-01
2.188305e+00 -9.651627e-01
1.840661e+00 -9.749306e-01
2.051907e+00 -9.973093e-01
2.281681e+00 -9.237218e-01
2.216568e+00 -9.541810e-01
2.206408e+00 -9.582904e-01
1.765907e+00 -9.466751e-01
1.821036e+00 -9.684792e-01
1.865423e+00 -9.820521e-01
1.992253e+00 -9.999400e-01
2.072736e+00 -9.947234e-01
1.713247e+00 -9.210624e-01
1.893224e+00 -9.886636e-01
2.039085e+00 -9.984735e-01
2.272840e+00 -9.282618e-01
1.722279e+00 -9.257703e-01
2.124020e+00 -9.847366e-01
2.200578e+00 -9.605668e-01
2.251748e+00 -9.385893e-01
2.220462e+00 -9.525588e-01
2.241183e+00 -9.434901e-01
1.728089e+00 -9.287317e-01
1.813744e+00 -9.659034e-01
2.080867e+00 -9.934818e-01
2.221748e+00 -9.520172e-01
2.148087e+00 -9.783090e-01
1.706888e+00 -9.176726e-01
1.894492e+00 -9.889299e-01
1.975335e+00 -9.993918e-01
1.882853e+00 -9.863704e-01
2.277101e+00 -9.260888e-01
2.234413e+00 -9.465330e-01
1.714385e+00 -9.216630e-01
2.015289e+00 -9.997663e-01
1.935055e+00 -9.957910e-01
2.286416e+00 -9.212405e-01
2.256108e+00 -9.365137e-01
2.267040e+00 -9.311729e-01
1.722699e+00 -9.259865e-01
1.803370e+00 -9.620746e-01
2.117926e+00 -9.861897e-01
2.133028e+00 -9.824592e-01
1.902189e+00 -9.904787e-01
2.099189e+00 -9.902098e-01
1.800027e+00 -9.607996e-01
2.182938e+00 -9.670874e-01
1.898585e+00 -9.897678e-01
1.707301e+00 -9.178947e-01
2.006122e+00 -9.999625e-01
1.824359e+00 -9.696213e-01
1.931209e+00 -9.952789e-01
2.222662e+00 -9.516304e-01
2.257407e+00 -9.358889e-01
1.888397e+00 -9.876220e-01
2.145982e+00 -9.789146e-01
1.818046e+00 -9.674349e-01
1.969663e+00 -9.990801e-01
1.726551e+00 -9.279529e-01
2.094026e+00 -9.911981e-01
2.061665e+00 -9.962046e-01
2.170748e+00 -9.712662e-01
2.209319e+00 -9.571314e-01
2.226301e+00 -9.500773e-01
2.133854e+00 -9.822427e-01
1.806603e+00 -9.632883e-01
2.171390e+00 -9.710528e-01
2.191737e+00 -9.639044e-01
2.166979e+00 -9.725031e-01
1.951785e+00 -9.976781e-01
2.268689e+00 -9.303506e-01
2.211385e+00 -9.563001e-01
2.155501e+00 -9.761093e-01
2.032808e+00 -9.989242e-01
2.103570e+00 -9.893307e-01
1.907693e+00 -9.915157e-01
1.789793e+00 -9.567752e-01
1.743408e+00 -9.362814e-01
2.261741e+00 -9.337858e-01
2.269009e+00 -9.301908e-01
1.780212e+00 -9.528413e-01
2.282777e+00 -9.231504e-01
2.059955e+00 -9.964118e-01
1.961179e+00 -9.984940e-01
1.979402e+00 -9.995758e-01
1.885383e+00 -9.869489e-01
2.236517e+00 -9.455954e-01
2.261977e+00 -9.336701e-01
1.774927e+00 -9.506038e-01
1.754087e+00 -9.413190e-01
1.831244e+00 -9.719233e-01
2.242658e+00 -9.428170e-01
1.792656e+00 -9.579194e-01
1.709200e+00 -9.189124e-01
2.193066e+00 -9.634118e-01
1.804917e+00 -9.626577e-01
1.955006e+00 -9.979776e-01
2.015360e+00 -9.997641e-01
2.132922e+00 -9.824869e-01
1.838619e+00 -9.742923e-01
2.080734e+00 -9.935033e-01
2.028659e+00 -9.991790e-01
1.978879e+00 -9.995540e-01
1.901297e+00 -9.903051e-01
1.808947e+00 -9.641567e-01
2.027501e+00 -9.992440e-01
1.770779e+00 -9.488143e-01
2.116142e+00 -9.866016e-01
2.086237e+00 -9.925907e-01
2.135515e+00 -9.818032e-01
1.799795e+00 -9.607108e-01
2.044342e+00 -9.980358e-01
2.053256e+00 -9.971679e-01
1.912454e+00 -9.923650e-01
2.118978e+00 -9.859440e-01
1.921386e+00 -9.938390e-01
1.928116e+00 -9.948460e-01
2.046174e+00 -9.978702e-01
1.851663e+00 -9.782364e-01
1.992516e+00 -9.999440e-01
1.890203e+00 -9.880171e-01
2.024723e+00 -9.993890e-01
2.196825e+00 -9.620008e-01
2.089801e+00 -9.919683e-01
2.078790e+00 -9.938113e-01
1.936138e+00 -9.959299e-01
1.914250e+00 -9.926739e-01
1.814976e+00 -9.663455e-01
1.842333e+00 -9.754476e-01
2.089788e+00 -9.919704e-01
2.024833e+00 -9.993835e-01
2.097326e+00 -9.905725e-01
2.190987e+00 -9.641813e-01
1.858077e+00 -9.800593e-01
1.902426e+00 -9.905246e-01
2.140498e+00 -9.804539e-01
1.908390e+00 -9.916427e-01
2.167834e+00 -9.722247e-01
2.169856e+00 -9.715613e-01
1.937166e+00 -9.960597e-01
1.962686e+00 -9.986086e-01
2.095243e+00 -9.909698e-01
1.945419e+00 -9.970253e-01
2.127597e+00 -9.838507e-01
1.952771e+00 -9.977719e-01
2.109034e+00 -9.881820e-01
1.887886e+00 -9.875091e-01
2.059363e+00 -9.964822e-01
2.144360e+00 -9.793760e-01
1.903838e+00 -9.907954e-01
2.130533e+00 -9.831055e-01
2.058036e+00 -9.966375e-01
1.988645e+00 -9.998711e-01
1.953391e+00 -9.978300e-01
2.002013e+00 -9.999959e-01
2.026823e+00 -9.992808e-01
2.183208e+00 -9.669919e-01
2.089246e+00 -9.920669e-01
1.930842e+00 -9.952285e-01
2.116789e+00 -9.864529e-01
2.009504e+00 -9.999097e-01
2.188261e+00 -9.651785e-01
2.161277e+00 -9.743252e-01
1.987211e+00 -9.998365e-01
2.034912e+00 -9.987819e-01
2.024033e+00 -9.994226e-01
2.063785e+00 -9.959397e-01
2.168285e+00 -9.720775e-01
1.927585e+00 -9.947697e-01
2.167993e+00 -9.721729e-01
2.045070e+00 -9.979707e-01
1.964279e+00 -9.987248e-01
1.815972e+00 -9.667008e-01
1.868738e+00 -9.829178e-01
2.167954e+00 -9.721857e-01
2.100181e+00 -9.900139e-01
2.166473e+00 -9.726672e-01
2.057715e+00 -9.966745e-01
2.146602e+00 -9.787372e-01
1.822829e+00 -9.690981e-01
1.978969e+00 -9.995578e-01
2.128957e+00 -9.835075e-01
2.041465e+00 -9.982821e-01
2.046814e+00 -9.978109e-01
1.891301e+00 -9.882541e-01
2.014239e+00 -9.997973e-01
1.940872e+00 -9.965100e-01
2.135554e+00 -9.817929e-01
2.096445e+00 -9.907414e-01
2.003950e+00 -9.999844e-01
1.868019e+00 -9.827318e-01
1.928059e+00 -9.948378e-01
2.143377e+00 -9.796529e-01
1.893381e+00 -9.886968e-01
1.946395e+00 -9.971306e-01
2.068510e+00 -9.953174e-01
1.972687e+00 -9.992543e-01
2.113903e+00 -9.871099e-01
1.847354e+00 -9.769684e-01
1.950048e+00 -9.975079e-01
2.099865e+00 -9.900765e-01
2.181165e+00 -9.677119e-01
2.165492e+00 -9.729841e-01
2.187691e+00 -9.653853e-01
2.027225e+00 -9.992591e-01
1.927437e+00 -9.947485e-01
2.137642e+00 -9.812331e-01
1.958688e+00 -9.982948e-01
2.121686e+00 -9.853017e-01
1.880370e+00 -9.857906e-01
2.001418e+00 -9.999980e-01
1.859163e+00 -9.803604e-01
2.017390e+00 -9.996976e-01
1.850606e+00 -9.779286e-01
1.814202e+00 -9.660683e-01
1.918328e+00 -9.933519e-01
2.083720e+00 -9.930155e-01
2.009702e+00 -9.999059e-01
2.013226e+00 -9.998251e-01
1.978462e+00 -9.995362e-01
2.094315e+00 -9.911442e-01
1.852413e+00 -9.784536e-01
2.166343e+00 -9.727092e-01
1.928825e+00 -9.949469e-01
1.932482e+00 -9.954517e-01
2.126561e+00 -9.841100e-01
1.865595e+00 -9.820974e-01
1.977068e+00 -9.994742e-01
2.036232e+00 -9.986881e-01
2.076037e+00 -9.942350e-01
2.061131e+00 -9.962700e-01
2.104864e+00 -9.890638e-01
2.173283e+00 -9.704192e-01
2.013708e+00 -9.998121e-01
2.184504e+00 -9.665312e-01
1.847553e+00 -9.770279e-01
1.906798e+00 -9.913510e-01
1.908161e+00 -9.916010e-01
2.185998e+00 -9.659962e-01
1.812016e+00 -9.652791e-01
2.167954e+00 -9.721855e-01
2.170378e+00 -9.713885e-01
1.854615e+00 -9.790850e-01
2.122698e+00 -9.850579e-01
1.874387e+00 -9.843452e-01
1.846957e+00 -9.768499e-01
1.856905e+00 -9.797320e-01
1.960545e+00 -9.984445e-01
2.053074e+00 -9.971872e-01
2.035434e+00 -9.987452e-01
2.165014e+00 -9.731378e-01
1.897242e+00 -9.894964e-01
2.074583e+00 -9.944528e-01
1.832560e+00 -9.723534e-01
2.088764e+00 -9.921519e-01
2.127603e+00 -9.838493e-01
1.916249e+00 -9.930103e-01
2.172865e+00 -9.705597e-01
1.942063e+00 -9.966489e-01
1.832935e+00 -9.724751e-01
1.844960e+00 -9.762492e-01
2.048938e+00 -9.976080e-01
2.025225e+00 -9.993639e-01
1.962072e+00 -9.985625e-01
1.804331e+00 -9.624374e-01
2.102058e+00 -9.896383e-01
2.185757e+00 -9.660828e-01
1.805319e+00 -9.628085e-01
2.079072e+00 -9.937672e-01
1.991776e+00 -9.999324e-01
2.078601e+00 -9.938409e-01
1.880143e+00 -9.857370e-01
1.996979e+00 -9.999909e-01
1.965732e+00 -9.988264e-01
2.121343e+00 -9.853838e-01
1.889016e+00 -9.877581e-01
1.862421e+00 -9.812501e-01
1.812965e+00 -9.656228e-01
2.070049e+00 -9.951052e-01
1.916634e+00 -9.930742e-01
1.962334e+00 -9.985823e-01
1.900019e+00 -9.900536e-01
2.054025e+00 -9.970856e-01
2.175121e+00 -9.697980e-01
1.984367e+00 -9.997556e-01
1.832505e+00 -9.723353e-01
2.054452e+00 -9.970393e-01
2.154205e+00 -9.765012e-01
1.946672e+00 -9.971601e-01
2.189817e+00 -9.646110e-01
1.993856e+00 -9.999623e-01
2.187923e+00 -9.653013e-01
2.149422e+00 -9.779205e-01
1.843095e+00 -9.756816e-01
2.145248e+00 -9.791240e-01
2.064448e+00 -9.958551e-01
2.003459e+00 -9.999880e-01
1.944372e+00 -9.969103e-01
2.099182e+00 -9.902111e-01
2.182222e+00 -9.673402e-01
1.906674e+00 -9.913282e-01
2.012540e+00 -9.998428e-01
1.911191e+00 -9.921440e-01
2.108419e+00 -9.883141e-01
2.064070e+00 -9.959035e-01
2.077869e+00 -9.939548e-01
1.818322e+00 -9.675319e-01
2.057922e+00 -9.966507e-01
1.862708e+00 -9.813276e-01
1.859857e+00 -9.805514e-01
1.987242e+00 -9.998373e-01
1.917769e+00 -9.932609e-01
2.016619e+00 -9.997238e-01
2.031959e+00 -9.989791e-01
1.967316e+00 -9.989324e-01
2.052643e+00 -9.972325e-01
1.966739e+00 -9.988943e-01
1.994881e+00 -9.999738e-01
2.014945e+00 -9.997767e-01
1.923206e+00 -9.941201e-01
1.902712e+00 -9.905798e-01
2.058559e+00 -9.965768e-01
1.917092e+00 -9.931498e-01
2.029798e+00 -9.991125e-01
1.963104e+00 -9.986396e-01
1.885930e+00 -9.870722e-01
2.025721e+00 -9.993386e-01
2.075928e+00 -9.942515e-01
2.037693e+00 -9.985802e-01
2.084937e+00 -9.928117e-01
2.005017e+00 -9.999748e-01
2.033455e+00 -9.988814e-01
2.045759e+00 -9.979083e-01
1.948276e+00 -9.973282e-01
1.961854e+00 -9.985460e-01
1.927724e+00 -9.947898e-01
1.950341e+00 -9.975370e-01
2.037502e+00 -9.985946e-01
1.924990e+00 -9.943893e-01
2.059519e+00 -9.964637e-01
2.040111e+00 -9.983924e-01
1.955161e+00 -9.979915e-01
2.028963e+00 -9.991615e-01
1.937229e+00 -9.960676e-01
2.117495e+00 -9.862898e-01
1.975998e+00 -9.994241e-01
2.038198e+00 -9.985420e-01
2.080245e+00 -9.935815e-01
1.967246e+00 -9.989277e-01
2.007230e+00 -9.999477e-01
2.072064e+00 -9.948203e-01
2.025131e+00 -9.993686e-01
1.890660e+00 -9.881160e-01
2.057590e+00 -9.966889e-01
2.038482e+00 -9.985203e-01
2.035488e+00 -9.987414e-01
1.920569e+00 -9.937106e-01
1.912367e+00 -9.923499e-01
2.017533e+00 -9.996926e-01
2.017702e+00 -9.996867e-01
2.027218e+00 -9.992594e-01
2.018487e+00 -9.996583e-01
1.908045e+00 -9.915799e-01
2.010103e+00 -9.998979e-01
2.036455e+00 -9.986719e-01
1.882106e+00 -9.861972e-01
1.943775e+00 -9.968438e-01
2.076903e+00 -9.941034e-01
2.031470e+00 -9.990101e-01
1.929600e+00 -9.950561e-01
1.903260e+00 -9.906851e-01
1.909440e+00 -9.918325e-01
2.069218e+00 -9.952204e-01
2.028308e+00 -9.991990e-01
1.962874e+00 -9.986226e-01
1.999805e+00 -1.000000e+00
1.888736e+00 -9.876966e-01
1.882577e+00 -9.863065e-01
2.058477e+00 -9.965863e-01
2.079560e+00 -9.936903e-01
2.020852e+00 -9.995653e-01
2.015089e+00 -9.997723e-01
1.985704e+00 -9.997956e-01
1.882905e+00 -9.863823e-01
2.039545e+00 -9.984374e-01
1.968217e+00 -9.989904e-01
1.930297e+00 -9.951533e-01
2.072113e+00 -9.948133e-01
1.890258e+00 -9.880289e-01
1.949946e+00 -9.974978e-01
1.927111e+00 -9.947013e-01
1.970678e+00 -9.991406e-01
2.112743e+00 -9.873695e-01
1.888244e+00 -9.875883e-01
2.061706e+00 -9.961996e-01
1.965014e+00 -9.987768e-01
2.097404e+00 -9.905573e-01
2.116807e+00 -9.864489e-01
1.943607e+00 -9.968249e-01
2.047931e+00 -9.977053e-01
1.921677e+00 -9.938843e-01
1.882507e+00 -9.862903e-01
1.959089e+00 -9.983277e-01
2.056866e+00 -9.967715e-01
1.881534e+00 -9.860637e-01
1.982221e+00 -9.996839e-01
2.022791e+00 -9.994807e-01
2.102426e+00 -9.895637e-01
1.898263e+00 -9.897030e-01
1.990108e+00 -9.999022e-01
1.940235e+00 -9.964346e-01
2.027004e+00 -9.992710e-01
1.873215e+00 -9.840541e-01
1.976305e+00 -9.994387e-01
2.051364e+00 -9.973653e-01
2.124355e+00 -9.846548e-01
1.902749e+00 -9.905869e-01
1.930472e+00 -9.951775e-01
2.006119e+00 -9.999626e-01
2.115189e+00 -9.868191e-01
1.981421e+00 -9.996549e-01
1.891796e+00 -9.883602e-01
1.999236e+00 -9.999994e-01
2.008865e+00 -9.999214e-01
2.109051e+00 -9.881784e-01
2.007057e+00 -9.999502e-01
1.949980e+00 -9.975011e-01
1.901345e+00 -9.903144e-01
2.061768e+00 -9.961919e-01
1.894999e+00 -9.890353e-01
2.066866e+00 -9.955389e-01
1.967597e+00 -9.989506e-01
2.067068e+00 -9.955120e-01
2.061444e+00 -9.962318e-01
1.960747e+00 -9.984604e-01
1.943134e+00 -9.967715e-01
1.989128e+00 -9.998818e-01
1.938289e+00 -9.961990e-01
1.958607e+00 -9.982881e-01
2.122252e+00 -9.851656e-01
2.007001e+00 -9.999510e-01
2.090001e+00 -9.919325e-01
2.090291e+00 -9.918807e-01
2.076080e+00 -9.942286e-01
2.012314e+00 -9.998484e-01
2.108988e+00 -9.881918e-01
1.957012e+00 -9.981538e-01
2.066875e+00 -9.955378e-01
1.912043e+00 -9.922933e-01
1.956447e+00 -9.981049e-01
1.976516e+00 -9.994487e-01
2.009822e+00 -9.999035e-01
1.924010e+00 -9.942421e-01
2.048672e+00 -9.976339e-01
1.894672e+00 -9.889673e-01
2.121567e+00 -9.853301e-01
1.910589e+00 -9.920375e-01
2.012721e+00 -9.998382e-01
1.949831e+00 -9.974862e-01
2.084264e+00 -9.929247e-01
1.970086e+00 -9.991055e-01
2.083340e+00 -9.930785e-01
1.873723e+00 -9.841806e-01
2.097739e+00 -9.904926e-01
2.099744e+00 -9.901006e-01
2.117570e+00 -9.862723e-01
2.082846e+00 -9.931600e-01
1.891203e+00 -9.882329e-01
2.006887e+00 -9.999526e-01
2.118084e+00 -9.861528e-01
2.083454e+00 -9.930596e-01
1.904161e+00 -9.908569e-01
2.014536e+00 -9.997887e-01
1.904983e+00 -9.910123e-01
2.069586e+00 -9.951695e-01
2.068090e+00 -9.953744e-01
1.932791e+00 -9.954932e-01
1.870981e+00 -9.834918e-01
1.947415e+00 -9.972387e-01
2.089792e+00 -9.919698e-01
2.062773e+00 -9.960673e-01
2.130554e+00 -9.831000e-01
1.988398e+00 -9.998654e-01
1.970461e+00 -9.991278e-01
1.935325e+00 -9.958258e-01
1.879417e+00 -9.855650e-01
2.031403e+00 -9.990143e-01
2.045480e+00 -9.979337e-01
1.935624e+00 -9.958643e-01
1.966466e+00 -9.988761e-01
2.021894e+00 -9.995208e-01
1.923591e+00 -9.941787e-01
2.130689e+00 -9.830654e-01
1.928183e+00 -9.948556e-01
1.872365e+00 -9.838412e-01
2.053678e+00 -9.971228e-01
2.128237e+00 -9.836899e-01
2.070724e+00 -9.950106e-01
1.988915e+00 -9.998771e-01
1.984066e+00 -9.997462e-01
2.035508e+00 -9.987400e-01
2.040570e+00 -9.983555e-01
1.993125e+00 -9.999527e-01
2.115081e+00 -9.868436e-01
2.061312e+00 -9.962478e-01
2.053531e+00 -9.971385e-01
1.953694e+00 -9.978581e-01
2.028506e+00 -9.991878e-01
1.870209e+00 -9.832953e-01
1.875083e+00 -9.845169e-01
1.891418e+00 -9.882791e-01
